{
 "cells": [
  {
   "cell_type": "code",
   "execution_count": 1,
   "metadata": {
    "collapsed": true
   },
   "outputs": [],
   "source": [
    "import pandas as pd\n",
    "import numpy as np"
   ]
  },
  {
   "cell_type": "code",
   "execution_count": 2,
   "metadata": {
    "collapsed": true
   },
   "outputs": [],
   "source": [
    "vote=pd.read_csv('voteResult.csv',index_col=0)"
   ]
  },
  {
   "cell_type": "code",
   "execution_count": 15,
   "metadata": {
    "collapsed": true
   },
   "outputs": [],
   "source": [
    "kera=pd.read_csv('keras__test_full.csv',index_col=0)"
   ]
  },
  {
   "cell_type": "code",
   "execution_count": 16,
   "metadata": {
    "collapsed": false
   },
   "outputs": [],
   "source": [
    "cp=(vote+kera)/2"
   ]
  },
  {
   "cell_type": "code",
   "execution_count": 17,
   "metadata": {
    "collapsed": true
   },
   "outputs": [],
   "source": [
    "cp.to_csv('composite.csv')"
   ]
  },
  {
   "cell_type": "code",
   "execution_count": 18,
   "metadata": {
    "collapsed": false
   },
   "outputs": [
    {
     "data": {
      "text/plain": [
       "Index([u'high', u'medium', u'low'], dtype='object')"
      ]
     },
     "execution_count": 18,
     "metadata": {},
     "output_type": "execute_result"
    }
   ],
   "source": [
    "kera.columns"
   ]
  },
  {
   "cell_type": "code",
   "execution_count": 19,
   "metadata": {
    "collapsed": false
   },
   "outputs": [
    {
     "data": {
      "text/plain": [
       "Index([u'high', u'medium', u'low'], dtype='object')"
      ]
     },
     "execution_count": 19,
     "metadata": {},
     "output_type": "execute_result"
    }
   ],
   "source": [
    "vote.columns"
   ]
  },
  {
   "cell_type": "code",
   "execution_count": 20,
   "metadata": {
    "collapsed": false
   },
   "outputs": [
    {
     "data": {
      "text/html": [
       "<div>\n",
       "<table border=\"1\" class=\"dataframe\">\n",
       "  <thead>\n",
       "    <tr style=\"text-align: right;\">\n",
       "      <th></th>\n",
       "      <th>high</th>\n",
       "      <th>medium</th>\n",
       "      <th>low</th>\n",
       "    </tr>\n",
       "    <tr>\n",
       "      <th>listing_id</th>\n",
       "      <th></th>\n",
       "      <th></th>\n",
       "      <th></th>\n",
       "    </tr>\n",
       "  </thead>\n",
       "  <tbody>\n",
       "    <tr>\n",
       "      <th>7142618</th>\n",
       "      <td>0.030701</td>\n",
       "      <td>0.268171</td>\n",
       "      <td>0.701128</td>\n",
       "    </tr>\n",
       "    <tr>\n",
       "      <th>6922984</th>\n",
       "      <td>0.055297</td>\n",
       "      <td>0.251108</td>\n",
       "      <td>0.693596</td>\n",
       "    </tr>\n",
       "    <tr>\n",
       "      <th>6860805</th>\n",
       "      <td>0.030701</td>\n",
       "      <td>0.268171</td>\n",
       "      <td>0.701128</td>\n",
       "    </tr>\n",
       "    <tr>\n",
       "      <th>7113840</th>\n",
       "      <td>0.144727</td>\n",
       "      <td>0.426953</td>\n",
       "      <td>0.428320</td>\n",
       "    </tr>\n",
       "    <tr>\n",
       "      <th>6843735</th>\n",
       "      <td>0.001658</td>\n",
       "      <td>0.066771</td>\n",
       "      <td>0.931572</td>\n",
       "    </tr>\n",
       "    <tr>\n",
       "      <th>7098659</th>\n",
       "      <td>0.032329</td>\n",
       "      <td>0.047355</td>\n",
       "      <td>0.920316</td>\n",
       "    </tr>\n",
       "    <tr>\n",
       "      <th>7209423</th>\n",
       "      <td>0.026088</td>\n",
       "      <td>0.080567</td>\n",
       "      <td>0.893345</td>\n",
       "    </tr>\n",
       "    <tr>\n",
       "      <th>7099874</th>\n",
       "      <td>0.014444</td>\n",
       "      <td>0.160327</td>\n",
       "      <td>0.825229</td>\n",
       "    </tr>\n",
       "    <tr>\n",
       "      <th>7098442</th>\n",
       "      <td>0.024051</td>\n",
       "      <td>0.117767</td>\n",
       "      <td>0.858182</td>\n",
       "    </tr>\n",
       "    <tr>\n",
       "      <th>7225900</th>\n",
       "      <td>0.003034</td>\n",
       "      <td>0.028241</td>\n",
       "      <td>0.968725</td>\n",
       "    </tr>\n",
       "    <tr>\n",
       "      <th>7170692</th>\n",
       "      <td>0.002679</td>\n",
       "      <td>0.021674</td>\n",
       "      <td>0.975647</td>\n",
       "    </tr>\n",
       "    <tr>\n",
       "      <th>7226712</th>\n",
       "      <td>0.002369</td>\n",
       "      <td>0.011860</td>\n",
       "      <td>0.985771</td>\n",
       "    </tr>\n",
       "    <tr>\n",
       "      <th>7210643</th>\n",
       "      <td>0.008013</td>\n",
       "      <td>0.033169</td>\n",
       "      <td>0.958818</td>\n",
       "    </tr>\n",
       "    <tr>\n",
       "      <th>7232655</th>\n",
       "      <td>0.013308</td>\n",
       "      <td>0.053166</td>\n",
       "      <td>0.933526</td>\n",
       "    </tr>\n",
       "    <tr>\n",
       "      <th>7098880</th>\n",
       "      <td>0.001400</td>\n",
       "      <td>0.011494</td>\n",
       "      <td>0.987106</td>\n",
       "    </tr>\n",
       "    <tr>\n",
       "      <th>6849183</th>\n",
       "      <td>0.015579</td>\n",
       "      <td>0.211236</td>\n",
       "      <td>0.773185</td>\n",
       "    </tr>\n",
       "    <tr>\n",
       "      <th>7099119</th>\n",
       "      <td>0.005738</td>\n",
       "      <td>0.025363</td>\n",
       "      <td>0.968899</td>\n",
       "    </tr>\n",
       "    <tr>\n",
       "      <th>7200523</th>\n",
       "      <td>0.005036</td>\n",
       "      <td>0.061472</td>\n",
       "      <td>0.933492</td>\n",
       "    </tr>\n",
       "    <tr>\n",
       "      <th>7171562</th>\n",
       "      <td>0.002210</td>\n",
       "      <td>0.027296</td>\n",
       "      <td>0.970494</td>\n",
       "    </tr>\n",
       "    <tr>\n",
       "      <th>7226762</th>\n",
       "      <td>0.000306</td>\n",
       "      <td>0.012825</td>\n",
       "      <td>0.986869</td>\n",
       "    </tr>\n",
       "    <tr>\n",
       "      <th>7226918</th>\n",
       "      <td>0.002310</td>\n",
       "      <td>0.013042</td>\n",
       "      <td>0.984648</td>\n",
       "    </tr>\n",
       "    <tr>\n",
       "      <th>7226063</th>\n",
       "      <td>0.000583</td>\n",
       "      <td>0.008225</td>\n",
       "      <td>0.991192</td>\n",
       "    </tr>\n",
       "    <tr>\n",
       "      <th>7099838</th>\n",
       "      <td>0.026149</td>\n",
       "      <td>0.077292</td>\n",
       "      <td>0.896559</td>\n",
       "    </tr>\n",
       "    <tr>\n",
       "      <th>7211824</th>\n",
       "      <td>0.010835</td>\n",
       "      <td>0.023294</td>\n",
       "      <td>0.965870</td>\n",
       "    </tr>\n",
       "    <tr>\n",
       "      <th>7225802</th>\n",
       "      <td>0.005605</td>\n",
       "      <td>0.044020</td>\n",
       "      <td>0.950375</td>\n",
       "    </tr>\n",
       "    <tr>\n",
       "      <th>7201315</th>\n",
       "      <td>0.047092</td>\n",
       "      <td>0.190800</td>\n",
       "      <td>0.762108</td>\n",
       "    </tr>\n",
       "    <tr>\n",
       "      <th>6885109</th>\n",
       "      <td>0.014056</td>\n",
       "      <td>0.187095</td>\n",
       "      <td>0.798849</td>\n",
       "    </tr>\n",
       "    <tr>\n",
       "      <th>7200437</th>\n",
       "      <td>0.036490</td>\n",
       "      <td>0.251593</td>\n",
       "      <td>0.711917</td>\n",
       "    </tr>\n",
       "    <tr>\n",
       "      <th>7160363</th>\n",
       "      <td>0.005781</td>\n",
       "      <td>0.012224</td>\n",
       "      <td>0.981995</td>\n",
       "    </tr>\n",
       "    <tr>\n",
       "      <th>7226430</th>\n",
       "      <td>0.028849</td>\n",
       "      <td>0.135256</td>\n",
       "      <td>0.835895</td>\n",
       "    </tr>\n",
       "    <tr>\n",
       "      <th>...</th>\n",
       "      <td>...</td>\n",
       "      <td>...</td>\n",
       "      <td>...</td>\n",
       "    </tr>\n",
       "    <tr>\n",
       "      <th>7159311</th>\n",
       "      <td>0.001382</td>\n",
       "      <td>0.011565</td>\n",
       "      <td>0.987052</td>\n",
       "    </tr>\n",
       "    <tr>\n",
       "      <th>7171950</th>\n",
       "      <td>0.004558</td>\n",
       "      <td>0.015144</td>\n",
       "      <td>0.980298</td>\n",
       "    </tr>\n",
       "    <tr>\n",
       "      <th>7159949</th>\n",
       "      <td>0.001535</td>\n",
       "      <td>0.011933</td>\n",
       "      <td>0.986532</td>\n",
       "    </tr>\n",
       "    <tr>\n",
       "      <th>7209268</th>\n",
       "      <td>0.017443</td>\n",
       "      <td>0.147351</td>\n",
       "      <td>0.835206</td>\n",
       "    </tr>\n",
       "    <tr>\n",
       "      <th>7201530</th>\n",
       "      <td>0.017485</td>\n",
       "      <td>0.089992</td>\n",
       "      <td>0.892523</td>\n",
       "    </tr>\n",
       "    <tr>\n",
       "      <th>7200740</th>\n",
       "      <td>0.004112</td>\n",
       "      <td>0.016708</td>\n",
       "      <td>0.979180</td>\n",
       "    </tr>\n",
       "    <tr>\n",
       "      <th>7098679</th>\n",
       "      <td>0.001279</td>\n",
       "      <td>0.008769</td>\n",
       "      <td>0.989953</td>\n",
       "    </tr>\n",
       "    <tr>\n",
       "      <th>7099423</th>\n",
       "      <td>0.076565</td>\n",
       "      <td>0.421024</td>\n",
       "      <td>0.502411</td>\n",
       "    </tr>\n",
       "    <tr>\n",
       "      <th>6918195</th>\n",
       "      <td>0.023069</td>\n",
       "      <td>0.225197</td>\n",
       "      <td>0.751734</td>\n",
       "    </tr>\n",
       "    <tr>\n",
       "      <th>7160310</th>\n",
       "      <td>0.002599</td>\n",
       "      <td>0.017456</td>\n",
       "      <td>0.979945</td>\n",
       "    </tr>\n",
       "    <tr>\n",
       "      <th>7226119</th>\n",
       "      <td>0.024362</td>\n",
       "      <td>0.075965</td>\n",
       "      <td>0.899673</td>\n",
       "    </tr>\n",
       "    <tr>\n",
       "      <th>7158674</th>\n",
       "      <td>0.060322</td>\n",
       "      <td>0.244584</td>\n",
       "      <td>0.695094</td>\n",
       "    </tr>\n",
       "    <tr>\n",
       "      <th>7098419</th>\n",
       "      <td>0.005012</td>\n",
       "      <td>0.025236</td>\n",
       "      <td>0.969752</td>\n",
       "    </tr>\n",
       "    <tr>\n",
       "      <th>7159823</th>\n",
       "      <td>0.018419</td>\n",
       "      <td>0.030229</td>\n",
       "      <td>0.951352</td>\n",
       "    </tr>\n",
       "    <tr>\n",
       "      <th>7201269</th>\n",
       "      <td>0.001343</td>\n",
       "      <td>0.008199</td>\n",
       "      <td>0.990458</td>\n",
       "    </tr>\n",
       "    <tr>\n",
       "      <th>7226047</th>\n",
       "      <td>0.018634</td>\n",
       "      <td>0.152394</td>\n",
       "      <td>0.828973</td>\n",
       "    </tr>\n",
       "    <tr>\n",
       "      <th>7158672</th>\n",
       "      <td>0.002054</td>\n",
       "      <td>0.014902</td>\n",
       "      <td>0.983044</td>\n",
       "    </tr>\n",
       "    <tr>\n",
       "      <th>7098615</th>\n",
       "      <td>0.009453</td>\n",
       "      <td>0.094042</td>\n",
       "      <td>0.896505</td>\n",
       "    </tr>\n",
       "    <tr>\n",
       "      <th>7099678</th>\n",
       "      <td>0.012144</td>\n",
       "      <td>0.121132</td>\n",
       "      <td>0.866724</td>\n",
       "    </tr>\n",
       "    <tr>\n",
       "      <th>6885038</th>\n",
       "      <td>0.100456</td>\n",
       "      <td>0.413016</td>\n",
       "      <td>0.486528</td>\n",
       "    </tr>\n",
       "    <tr>\n",
       "      <th>7171791</th>\n",
       "      <td>0.017959</td>\n",
       "      <td>0.104909</td>\n",
       "      <td>0.877132</td>\n",
       "    </tr>\n",
       "    <tr>\n",
       "      <th>7170679</th>\n",
       "      <td>0.017084</td>\n",
       "      <td>0.165692</td>\n",
       "      <td>0.817224</td>\n",
       "    </tr>\n",
       "    <tr>\n",
       "      <th>7099131</th>\n",
       "      <td>0.017348</td>\n",
       "      <td>0.146357</td>\n",
       "      <td>0.836295</td>\n",
       "    </tr>\n",
       "    <tr>\n",
       "      <th>7099802</th>\n",
       "      <td>0.038395</td>\n",
       "      <td>0.524244</td>\n",
       "      <td>0.437362</td>\n",
       "    </tr>\n",
       "    <tr>\n",
       "      <th>7170148</th>\n",
       "      <td>0.002816</td>\n",
       "      <td>0.012441</td>\n",
       "      <td>0.984744</td>\n",
       "    </tr>\n",
       "    <tr>\n",
       "      <th>7159101</th>\n",
       "      <td>0.001628</td>\n",
       "      <td>0.011017</td>\n",
       "      <td>0.987355</td>\n",
       "    </tr>\n",
       "    <tr>\n",
       "      <th>7098650</th>\n",
       "      <td>0.001115</td>\n",
       "      <td>0.006655</td>\n",
       "      <td>0.992229</td>\n",
       "    </tr>\n",
       "    <tr>\n",
       "      <th>7177721</th>\n",
       "      <td>0.005782</td>\n",
       "      <td>0.029995</td>\n",
       "      <td>0.964223</td>\n",
       "    </tr>\n",
       "    <tr>\n",
       "      <th>7099246</th>\n",
       "      <td>0.015309</td>\n",
       "      <td>0.102397</td>\n",
       "      <td>0.882294</td>\n",
       "    </tr>\n",
       "    <tr>\n",
       "      <th>7225844</th>\n",
       "      <td>0.001769</td>\n",
       "      <td>0.013943</td>\n",
       "      <td>0.984288</td>\n",
       "    </tr>\n",
       "  </tbody>\n",
       "</table>\n",
       "<p>74659 rows × 3 columns</p>\n",
       "</div>"
      ],
      "text/plain": [
       "                high    medium       low\n",
       "listing_id                              \n",
       "7142618     0.030701  0.268171  0.701128\n",
       "6922984     0.055297  0.251108  0.693596\n",
       "6860805     0.030701  0.268171  0.701128\n",
       "7113840     0.144727  0.426953  0.428320\n",
       "6843735     0.001658  0.066771  0.931572\n",
       "7098659     0.032329  0.047355  0.920316\n",
       "7209423     0.026088  0.080567  0.893345\n",
       "7099874     0.014444  0.160327  0.825229\n",
       "7098442     0.024051  0.117767  0.858182\n",
       "7225900     0.003034  0.028241  0.968725\n",
       "7170692     0.002679  0.021674  0.975647\n",
       "7226712     0.002369  0.011860  0.985771\n",
       "7210643     0.008013  0.033169  0.958818\n",
       "7232655     0.013308  0.053166  0.933526\n",
       "7098880     0.001400  0.011494  0.987106\n",
       "6849183     0.015579  0.211236  0.773185\n",
       "7099119     0.005738  0.025363  0.968899\n",
       "7200523     0.005036  0.061472  0.933492\n",
       "7171562     0.002210  0.027296  0.970494\n",
       "7226762     0.000306  0.012825  0.986869\n",
       "7226918     0.002310  0.013042  0.984648\n",
       "7226063     0.000583  0.008225  0.991192\n",
       "7099838     0.026149  0.077292  0.896559\n",
       "7211824     0.010835  0.023294  0.965870\n",
       "7225802     0.005605  0.044020  0.950375\n",
       "7201315     0.047092  0.190800  0.762108\n",
       "6885109     0.014056  0.187095  0.798849\n",
       "7200437     0.036490  0.251593  0.711917\n",
       "7160363     0.005781  0.012224  0.981995\n",
       "7226430     0.028849  0.135256  0.835895\n",
       "...              ...       ...       ...\n",
       "7159311     0.001382  0.011565  0.987052\n",
       "7171950     0.004558  0.015144  0.980298\n",
       "7159949     0.001535  0.011933  0.986532\n",
       "7209268     0.017443  0.147351  0.835206\n",
       "7201530     0.017485  0.089992  0.892523\n",
       "7200740     0.004112  0.016708  0.979180\n",
       "7098679     0.001279  0.008769  0.989953\n",
       "7099423     0.076565  0.421024  0.502411\n",
       "6918195     0.023069  0.225197  0.751734\n",
       "7160310     0.002599  0.017456  0.979945\n",
       "7226119     0.024362  0.075965  0.899673\n",
       "7158674     0.060322  0.244584  0.695094\n",
       "7098419     0.005012  0.025236  0.969752\n",
       "7159823     0.018419  0.030229  0.951352\n",
       "7201269     0.001343  0.008199  0.990458\n",
       "7226047     0.018634  0.152394  0.828973\n",
       "7158672     0.002054  0.014902  0.983044\n",
       "7098615     0.009453  0.094042  0.896505\n",
       "7099678     0.012144  0.121132  0.866724\n",
       "6885038     0.100456  0.413016  0.486528\n",
       "7171791     0.017959  0.104909  0.877132\n",
       "7170679     0.017084  0.165692  0.817224\n",
       "7099131     0.017348  0.146357  0.836295\n",
       "7099802     0.038395  0.524244  0.437362\n",
       "7170148     0.002816  0.012441  0.984744\n",
       "7159101     0.001628  0.011017  0.987355\n",
       "7098650     0.001115  0.006655  0.992229\n",
       "7177721     0.005782  0.029995  0.964223\n",
       "7099246     0.015309  0.102397  0.882294\n",
       "7225844     0.001769  0.013943  0.984288\n",
       "\n",
       "[74659 rows x 3 columns]"
      ]
     },
     "execution_count": 20,
     "metadata": {},
     "output_type": "execute_result"
    }
   ],
   "source": [
    "cp"
   ]
  },
  {
   "cell_type": "code",
   "execution_count": null,
   "metadata": {
    "collapsed": true
   },
   "outputs": [],
   "source": []
  }
 ],
 "metadata": {
  "anaconda-cloud": {},
  "kernelspec": {
   "display_name": "Python 2",
   "language": "python",
   "name": "python2"
  },
  "language_info": {
   "codemirror_mode": {
    "name": "ipython",
    "version": 2
   },
   "file_extension": ".py",
   "mimetype": "text/x-python",
   "name": "python",
   "nbconvert_exporter": "python",
   "pygments_lexer": "ipython2",
   "version": "2.7.12"
  }
 },
 "nbformat": 4,
 "nbformat_minor": 1
}
