listing_id,high,medium,low
7142618,0.048939629,0.378515957,0.572544413
6922984,0.058870546,0.278383181,0.662746273
6860805,0.054604452,0.387702179,0.557693369
7113840,0.225424649,0.465882061,0.30869329
6843735,0.003252148,0.112680049,0.884067803
7098659,0.072544543,0.08848412,0.838971337
7209423,0.046095843,0.030769737,0.92313442
7099874,0.044216985,0.198154846,0.75762817
7098442,0.054990442,0.222877984,0.722131575
7225900,0.004930411,0.037012099,0.95805749
7170692,0.003910629,0.01993872,0.976150651
7226712,0.002973979,0.023986454,0.973039567
7210643,0.018709201,0.031063937,0.950226862
7232655,0.033465527,0.094011197,0.872523277
7098880,0.00314251,0.033966615,0.962890875
6849183,0.028910966,0.382093055,0.58899598
7099119,0.009477269,0.035762839,0.954759892
7200523,0.005719287,0.063666276,0.930614437
7171562,0.003881126,0.017837286,0.978281588
7226762,0.004494748,0.02957055,0.965934703
7226918,0.007400322,0.0306983,0.961901378
7226063,0.001980025,0.023153358,0.974866618
7099838,0.057856666,0.100153193,0.841990141
7211824,0.022279212,0.026689787,0.951031
7225802,0.003721819,0.044523561,0.951754619
7201315,0.051313,0.194117977,0.754569023
6885109,0.016347435,0.20467817,0.778974396
7200437,0.049907319,0.255777139,0.694315542
7160363,0.018901972,0.033035727,0.948062301
7226430,0.036811398,0.125440528,0.837748073
7099425,0.033894108,0.308321896,0.657783996
7201348,0.003850457,0.033430919,0.962718624
7160101,0.043660547,0.145786496,0.810552957
7170127,0.048813097,0.153133952,0.798052951
7159392,0.014388068,0.035366787,0.950245145
7210928,0.005499461,0.022168207,0.972332332
7092529,0.217297372,0.447899155,0.334803473
6887689,0.016998126,0.212838404,0.77016347
7169834,0.031779066,0.192418501,0.775802433
7210881,0.002799408,0.014814367,0.982386225
7211726,0.042988223,0.200943531,0.756068246
7210201,0.049391059,0.304885525,0.645723416
7200917,0.054816986,0.0989269,0.846256114
7173759,0.055955313,0.020493884,0.923550803
7170660,0.00131285,0.01537165,0.9833155
7226076,0.062563848,0.136234898,0.801201254
7226839,0.058473479,0.112849615,0.828676906
7170691,0.047835692,0.257691351,0.694472957
6922966,0.019356405,0.352152432,0.628491163
7226846,0.018590767,0.059763503,0.92164573
7226264,0.014731396,0.02051935,0.964749254
7211497,0.010006438,0.032522292,0.95747127
7210744,0.056925365,0.398103159,0.544971476
7210499,0.002750318,0.018256298,0.978993384
7099165,0.069538246,0.450222833,0.480238921
7227103,0.087425907,0.129316232,0.783257861
7226540,0.046423583,0.07573966,0.877836757
7172514,0.04951235,0.288971249,0.661516402
7209584,0.014276529,0.0433303,0.942393171
6932283,0.025187202,0.248990219,0.725822579
7098566,0.032770119,0.182540242,0.784689639
7210872,0.012931238,0.044633201,0.942435561
7200321,0.066059136,0.063510362,0.870430502
7099101,0.062680681,0.107482252,0.829837067
7159576,0.030675877,0.016350864,0.952973259
7200658,0.005882138,0.024374914,0.969742947
7159000,0.02464329,0.018646156,0.956710554
7226177,0.00891679,0.018479542,0.972603668
7099062,0.030511485,0.262821476,0.706667039
7173760,0.043070951,0.120944231,0.835984818
6849380,0.016240666,0.193075075,0.79068426
7159162,0.022160435,0.089789042,0.888050524
7099160,0.008348141,0.056877603,0.934774256
7178285,0.009198952,0.015847267,0.974953781
7098477,0.063755352,0.205805135,0.730439514
7171390,0.01061538,0.018815076,0.970569544
7209557,0.003411038,0.023055797,0.973533165
7098961,0.040442436,0.238877263,0.720680301
7099018,0.005521304,0.02606121,0.968417486
7210568,0.004951708,0.017448106,0.977600185
7231575,0.001707229,0.016436379,0.981856392
6883047,0.038559282,0.145241053,0.816199665
7172848,0.046283954,0.090894716,0.86282133
7098816,0.037413419,0.09041106,0.872175521
7200503,0.050192966,0.081805827,0.868001207
7226513,0.005000143,0.044985984,0.950013872
7227037,0.002200543,0.021833526,0.975965931
7098573,0.032509421,0.049437486,0.918053093
6968157,0.003488394,0.020381802,0.976129804
7002797,0.014314406,0.022077999,0.963607594
7025731,0.072828215,0.548704605,0.37846718
7079502,0.068193752,0.120616089,0.811190159
6820888,0.047756889,0.309143981,0.64309913
7171469,0.046842335,0.290484572,0.662673093
7026229,0.002128962,0.01551454,0.982356498
7002527,0.003129137,0.015269489,0.981601374
7002045,0.007431087,0.101743659,0.890825253
7038943,0.04044477,0.17323462,0.78632061
7032547,0.066962859,0.553825366,0.379211775
7042693,0.00287976,0.015856704,0.981263536
7211330,0.003331512,0.013179099,0.983489389
6967585,0.029824979,0.2684917,0.70168332
7071629,0.055274695,0.203825008,0.740900297
6912749,0.068693501,0.368723682,0.562582818
7071697,0.010892278,0.149609082,0.83949864
7079366,0.0257221,0.195236902,0.779040998
6959138,0.062030198,0.095756688,0.842213113
7002195,0.001337826,0.01537842,0.983283754
7066721,0.002920845,0.015624376,0.981454779
7039587,0.003523856,0.029917379,0.966558765
7060624,0.032130787,0.127239885,0.840629328
7063304,0.003377126,0.016247622,0.980375252
7047689,0.001350266,0.013575597,0.985074137
7030902,0.049717185,0.116220447,0.834062369
7201545,0.110690367,0.459493319,0.429816314
6889765,0.015156357,0.184377636,0.800466007
6959915,0.007734187,0.037595714,0.954670099
7060339,0.062446571,0.049150481,0.888402948
7061467,0.050220698,0.077632353,0.872146948
7201450,0.017410855,0.035057304,0.947531841
7025707,0.072985242,0.093190314,0.833824443
7075976,0.002861304,0.020369509,0.976769187
7003095,0.024733645,0.134664837,0.840601518
7026017,0.030769283,0.041114798,0.92811592
7046870,0.054638984,0.180858625,0.764502391
7072211,0.001477822,0.016706236,0.981815942
6931762,0.10670061,0.484001951,0.409297439
7060308,0.015601367,0.043238927,0.941159706
7209884,0.036135644,0.090785122,0.873079234
7061109,0.010462724,0.021965765,0.967571511
7078746,0.003900848,0.021013289,0.975085862
6968888,0.026550931,0.248984027,0.724465042
7060990,0.069884892,0.243781549,0.686333559
7209493,0.054527505,0.160485939,0.784986556
7044535,0.022325955,0.146224666,0.831449379
7079105,0.032348087,0.037620065,0.930031848
7030523,0.023067279,0.14484188,0.832090841
7224118,0.017913556,0.233059537,0.749026906
7031105,0.068081583,0.143220877,0.78869754
6958478,0.012768617,0.081847933,0.90538345
6971335,0.047186107,0.063863181,0.888950712
7025122,0.045480482,0.032949614,0.921569904
7024693,0.024333026,0.0236409,0.952026074
7033280,0.029835498,0.237866331,0.732298171
7024653,0.014301785,0.019459643,0.966238572
7063390,0.035977005,0.211571566,0.752451428
7031713,0.042379674,0.057693419,0.899926907
7031649,0.057683742,0.084466577,0.857849681
6841489,0.083172394,0.309041755,0.607785851
7065224,0.003824341,0.023132767,0.973042892
7078766,0.053297246,0.148733346,0.797969408
7074401,0.003997615,0.062460035,0.93354235
7066534,0.002571806,0.019323685,0.97810451
7065751,0.020973964,0.049331368,0.929694668
7073743,0.001816231,0.045754754,0.952429014
7074205,0.001214561,0.047726321,0.951059118
7170514,0.000842558,0.040103988,0.959053455
7071792,0.003200733,0.021196197,0.975603071
7064412,0.054795767,0.331970847,0.613233386
6877018,0.067788125,0.677372571,0.254839305
6966857,0.040407586,0.156266872,0.803325541
7226285,0.005149281,0.020724604,0.974126116
7075116,0.001348481,0.035591317,0.963060202
7060623,0.00389235,0.061473598,0.934634052
7075395,0.029039709,0.17230169,0.798658601
7024367,0.13231169,0.341966238,0.525722073
7060619,0.001835028,0.018910448,0.979254524
7079477,0.002314996,0.029561438,0.968123565
7071826,0.001169105,0.01760583,0.981225064
6967008,0.031823008,0.037558573,0.930618419
6942406,0.007970357,0.164768513,0.82726113
7061466,0.043255895,0.061729503,0.895014602
7065334,0.044078101,0.204391011,0.751530888
7025292,0.02520371,0.036851768,0.937944522
7025180,0.049535476,0.088344581,0.862119943
7061094,0.043887758,0.059405484,0.896706758
7031892,0.063934755,0.132078345,0.8039869
7024342,0.009338798,0.018905073,0.971756129
7061235,0.029860042,0.12778645,0.842353508
7160586,0.004531484,0.018381022,0.977087494
7060396,0.009875463,0.049620293,0.940504244
7162303,0.038203194,0.301721215,0.660075591
7071568,0.0391449,0.134179238,0.826675862
7041339,0.003508262,0.016885282,0.979606455
7172720,0.029359108,0.036029792,0.9346111
7173404,0.011073391,0.020151942,0.968774667
7032101,0.013634664,0.041503953,0.944861383
7065942,0.040219782,0.058386332,0.901393887
7066031,0.023448426,0.14635303,0.830198544
7071587,0.003302838,0.024155022,0.97254214
7071857,0.06356407,0.074512583,0.861923346
6967814,0.051714365,0.101139384,0.847146251
6845457,0.15885372,0.474053499,0.367092781
7032704,0.023261629,0.167329183,0.809409188
7026025,0.062939995,0.124880076,0.812179929
7041792,0.038662068,0.328682114,0.632655818
7032305,0.013102614,0.030143028,0.956754358
7024575,0.041659181,0.05298533,0.905355489
7080205,0.043443765,0.082112841,0.874443394
6959373,0.006530391,0.029006047,0.964463561
7079360,0.034873894,0.18979188,0.775334226
6967104,0.003905714,0.024606599,0.971487688
7032508,0.005009391,0.029322138,0.965668472
6882961,0.376537928,0.346647613,0.276814459
7079628,0.040434603,0.217382755,0.742182643
7025863,0.024994578,0.166291417,0.808714006
7024145,0.018304921,0.097491709,0.88420337
7031059,0.03479769,0.021672733,0.943529577
7025169,0.045201653,0.206238407,0.748559941
7025788,0.002368908,0.021572674,0.976058418
7158646,0.05211779,0.156655082,0.791227128
7031985,0.04201187,0.287448538,0.670539593
7060290,0.030707694,0.1019117,0.867380606
6970241,0.006215456,0.030498626,0.963285918
6881938,0.046476043,0.332220531,0.621303426
7200805,0.003515152,0.017144272,0.979340576
7023758,0.068548674,0.068320597,0.863130729
7026102,0.045015295,0.055717524,0.899267181
7066767,0.060405441,0.115833335,0.823761224
7209117,0.034187285,0.068018835,0.89779388
7064739,0.032135008,0.192468325,0.775396667
7075920,0.00241142,0.018667822,0.978920758
7071578,0.011554796,0.033899873,0.95454533
7042594,0.060550649,0.226057758,0.713391592
7072136,0.053881993,0.097519068,0.848598939
6959785,0.067651739,0.312950639,0.619397622
6917770,0.16587863,0.596422716,0.237698654
7030613,0.098773045,0.227478557,0.673748398
7025097,0.070651932,0.070962146,0.858385922
7065198,0.004760633,0.029811116,0.965428251
6959513,0.068111334,0.104305481,0.827583185
7226979,0.052137507,0.102583798,0.845278695
7024451,0.051933998,0.082199043,0.86586696
7072141,0.036994154,0.05295141,0.910054436
7024834,0.017418394,0.017569555,0.965012051
7041995,0.065626987,0.074476558,0.859896455
7066023,0.006364787,0.024166639,0.969468573
6839044,0.029373797,0.34908477,0.621541433
7060824,0.003071483,0.019223832,0.977704684
7047137,0.004383654,0.015934671,0.979681675
7079007,0.005251382,0.04022581,0.954522808
7024400,0.00416459,0.035356481,0.960478929
6959851,0.023807653,0.056962979,0.919229368
7039486,0.039879973,0.025770496,0.934349531
7065183,0.059339893,0.036439599,0.904220508
7209107,0.008192786,0.022522571,0.969284643
7041950,0.006530598,0.025803273,0.967666129
6960102,0.058163502,0.101965183,0.839871315
6871096,0.010560588,0.263203691,0.726235721
7002884,0.008187494,0.03141642,0.960396086
7030575,0.00539319,0.020307402,0.974299408
6967744,0.00550376,0.028268504,0.966227736
7043039,0.002022758,0.013086178,0.984891064
7159789,0.011218801,0.030907219,0.957873981
7201690,0.054305843,0.128520926,0.817173231
7065493,0.021884225,0.042025867,0.936089908
7066433,0.001440199,0.014014523,0.984545278
7072236,0.00496827,0.031384083,0.963647647
6970104,0.043827036,0.024895386,0.931277578
6886740,0.021228333,0.293269187,0.68550248
7025271,0.04910333,0.15466982,0.79622685
7066068,0.069250368,0.253623079,0.677126553
6832064,0.003858047,0.024330761,0.971811192
6907698,0.023387247,0.13979768,0.836815073
6832023,0.003972601,0.019830901,0.976196499
6933123,0.004028226,0.021101591,0.974870184
6919919,0.024641043,0.053456981,0.921901976
6907194,0.001511457,0.019182538,0.979306005
6907670,0.041000618,0.283558896,0.675440485
6948009,0.047276011,0.077502724,0.875221265
7140227,0.028897286,0.231887211,0.739215503
6931680,0.003907933,0.020463409,0.975628659
6844498,0.034034956,0.179978686,0.785986358
6826781,0.002774041,0.02027928,0.976946679
6933438,0.039447719,0.134512907,0.826039375
6833848,0.002252125,0.017404959,0.980342916
6825963,0.063516846,0.285646789,0.650836365
6826131,0.044915391,0.194144456,0.760940152
6896589,0.069837764,0.342829804,0.587332431
6948254,0.033056181,0.109719945,0.857223874
6833299,0.090194683,0.456752259,0.453053058
6860119,0.00801252,0.107473856,0.884513624
6895163,0.001502422,0.031213073,0.967284504
6907859,0.063518657,0.083845973,0.852635369
6896310,0.000796221,0.017168098,0.982035682
7210212,0.000947991,0.016377952,0.982674057
6844543,0.002789419,0.018702987,0.978507594
6832190,0.043155722,0.621233236,0.335611042
6868425,0.047327711,0.2397315,0.712940789
6948103,0.010292733,0.025541071,0.964166196
6908363,0.041376596,0.163980174,0.79464323
6931652,0.054755509,0.122966502,0.822277989
6868853,0.028253517,0.502321933,0.46942455
6832808,0.001686523,0.01439115,0.983922328
7232597,0.018998385,0.026884851,0.954116764
6832176,0.02021661,0.039212478,0.940570912
6937027,0.011281227,0.036955621,0.951763152
6907296,0.037797669,0.224386259,0.737816072
6895158,0.025373534,0.034726667,0.939899799
6831404,0.065986871,0.545651901,0.388361228
6867554,0.04969475,0.309965277,0.640339973
6831967,0.007262527,0.046968837,0.945768636
6826148,0.011269378,0.025881806,0.962848816
6888013,0.037846263,0.322634188,0.639519549
6833315,0.0728365,0.059768159,0.867395342
6826529,0.03455026,0.168803814,0.796645926
6907783,0.039526076,0.218599226,0.741874698
6895933,0.03781373,0.215584243,0.746602027
6948144,0.008631629,0.060853553,0.930514817
6895983,0.06355439,0.047496811,0.888948798
6932405,0.06077412,0.587185993,0.352039887
6908385,0.027671321,0.234073131,0.738255548
6932321,0.003855034,0.046101039,0.950043927
6826058,0.002169823,0.021151525,0.976678652
6823682,0.010806089,0.115621952,0.873571959
6867706,0.042266025,0.307814026,0.649919949
6907760,0.031281942,0.218408755,0.750309304
6907598,0.001365784,0.022036395,0.97659782
6896212,0.002966512,0.016640357,0.980393131
6907823,0.005285619,0.03195811,0.962756272
6868353,0.005220143,0.02450968,0.970270177
6895229,0.099720889,0.431738882,0.468540229
6840207,0.030921851,0.228988913,0.740089236
6908429,0.002023582,0.019672899,0.978303519
7201479,0.039326852,0.150190572,0.810482576
6889866,0.019045041,0.233571628,0.747383331
6873012,0.047114152,0.153877725,0.799008123
6896087,0.029394821,0.179132899,0.791472281
6902022,0.034447107,0.325692206,0.639860688
6873626,0.040129067,0.372360526,0.587510407
6839782,0.05772297,0.325342825,0.616934205
6927582,0.040471624,0.137190225,0.822338151
6832106,0.036890415,0.18046183,0.782647755
6927520,0.001654809,0.022670162,0.975675029
6832511,0.045612053,0.155577056,0.798810892
6826695,0.003015362,0.018369323,0.978615315
7013999,0.060995502,0.246875593,0.692128905
6875995,0.154380366,0.502732615,0.342887019
6895423,0.019776449,0.161652716,0.818570835
7174304,0.059656149,0.147730209,0.792613642
7196924,0.037851116,0.147215301,0.814933583
7212583,0.100667078,0.265294742,0.63403818
7186411,0.003136413,0.010256749,0.986606838
7166027,0.073849714,0.197005123,0.729145163
7227996,0.022312554,0.124376976,0.85331047
7202466,0.007619064,0.019991116,0.972389821
7228435,0.024330557,0.134201648,0.841467795
7228441,0.002510851,0.009580263,0.987908886
6812487,0.02400496,0.414190069,0.561804971
7213018,0.003012463,0.012154742,0.984832795
7196440,0.03339321,0.112527071,0.854079719
7228330,0.019938668,0.102477589,0.877583743
7166063,0.007060902,0.024723303,0.968215796
7212484,0.010717532,0.024859734,0.964422734
7196994,0.003496508,0.011603841,0.984899652
7166110,0.022222955,0.061247957,0.916529087
7213035,0.038607039,0.155740477,0.805652484
7227948,0.002837466,0.009212497,0.987950037
6933565,0.071363362,0.33151322,0.597123418
6868182,0.014348359,0.182837129,0.802814512
6895698,0.153562892,0.502404429,0.344032679
6896558,0.068283637,0.353394687,0.578321676
6844735,0.084071113,0.391436989,0.524491898
6896764,0.100126322,0.524176311,0.375697367
6854703,0.064263208,0.462276876,0.473459916
6839439,0.058566116,0.343768565,0.597665319
6895216,0.068096306,0.387194454,0.54470924
6932633,0.121459675,0.521488624,0.357051701
6855583,0.071638732,0.430473229,0.497888039
6844821,0.050620381,0.428922147,0.520457472
6946922,0.014732322,0.3343829,0.650884778
6932741,0.048012934,0.38607111,0.565915956
6931924,0.07068527,0.396475371,0.532839359
6855732,0.055187292,0.305076315,0.639736394
6895007,0.044361636,0.375465155,0.580173209
6854787,0.053078321,0.309194867,0.637726812
6855496,0.103454805,0.395198228,0.501346967
6895311,0.053444822,0.463380702,0.483174476
7091883,0.135446814,0.253983774,0.610569411
6931930,0.2951839,0.384319627,0.320496473
6894956,0.080410461,0.37077733,0.548812209
6853142,0.012892355,0.053138454,0.933969192
6854628,0.049117206,0.43420888,0.516673914
7093614,0.064866785,0.351080829,0.584052386
6895766,0.165268806,0.513986123,0.320745071
6931751,0.05984832,0.519240873,0.420910807
6931815,0.116857091,0.452133865,0.431009044
6839282,0.067384744,0.318109282,0.614505974
6895426,0.123852617,0.359890431,0.516256952
6896331,0.116762558,0.571485382,0.311752059
6896007,0.084822213,0.438238724,0.476939063
6855034,0.049481147,0.332682712,0.617836141
6886576,0.164051646,0.545661117,0.290287237
6855432,0.241745363,0.452238228,0.30601641
6895030,0.133340933,0.496152118,0.370506949
6895193,0.038415561,0.268465586,0.693118853
6895483,0.239785484,0.45478583,0.305428686
6933118,0.22356779,0.494608151,0.281824059
6895600,0.131034492,0.463929675,0.405035833
6932724,0.090473699,0.381262302,0.528263998
6867529,0.077349506,0.449764887,0.472885608
7091829,0.081132604,0.562631432,0.356235964
6854939,0.104985596,0.526119143,0.368895261
6900717,0.310132718,0.456539046,0.233328236
6839509,0.054331464,0.461456903,0.484211632
6932061,0.189467839,0.524498679,0.286033482
6873569,0.069159685,0.297872924,0.632967391
6933615,0.112869001,0.568799647,0.318331351
6855140,0.068395587,0.314307806,0.617296607
6855451,0.056062206,0.317054342,0.626883453
6839938,0.197130817,0.506250825,0.296618358
6839459,0.159961102,0.540483648,0.29955525
6896203,0.209803331,0.494184739,0.29601193
6933120,0.102302446,0.423544986,0.474152568
6925044,0.197851503,0.509434853,0.292713644
6896155,0.048050365,0.360905304,0.59104433
6933069,0.059843637,0.366215001,0.573941363
6895632,0.27764224,0.41607669,0.306281069
6854679,0.119264433,0.472338071,0.408397497
6839985,0.070553402,0.315161376,0.614285222
6855661,0.052650739,0.399814788,0.547534473
6896291,0.134560473,0.46976115,0.395678377
6855297,0.053438584,0.335864763,0.610696653
6856046,0.054146557,0.482015399,0.463838044
6839257,0.107604671,0.461995482,0.430399848
6877537,0.060708219,0.524900523,0.414391258
6895612,0.044828199,0.32477296,0.630398841
6932466,0.219116265,0.473230426,0.307653309
6895521,0.166340439,0.394362994,0.439296567
6895115,0.140272612,0.48031176,0.379415629
6931791,0.073688114,0.366022889,0.560288997
6894943,0.127467612,0.394070476,0.478461912
7093530,0.094838885,0.385063154,0.520097961
7092168,0.237122789,0.507183678,0.255693532
7093482,0.075369502,0.38342372,0.541206778
7091599,0.089888664,0.421927274,0.488184063
6910877,0.059790071,0.339800934,0.600408994
7092647,0.162995102,0.456606434,0.380398465
7093010,0.086197039,0.379909743,0.533893218
7091471,0.064473284,0.414433214,0.521093502
7091689,0.106432362,0.375623018,0.51794462
7092375,0.176400245,0.616842521,0.206757233
7093749,0.087778864,0.395512647,0.516708489
7092957,0.053927723,0.329099324,0.616972953
7092105,0.257127325,0.498166578,0.244706097
7092404,0.293097345,0.461309049,0.245593606
7092682,0.139016378,0.585660089,0.275323533
6960199,0.428625917,0.378415013,0.19295907
6946536,0.03606202,0.406145763,0.557792218
7093173,0.13628231,0.461666153,0.402051536
7091481,0.056551585,0.297191606,0.64625681
7091246,0.00787169,0.045122025,0.947006286
7091831,0.122739425,0.546810219,0.330450356
7093299,0.134068452,0.450415504,0.415516045
7093799,0.130511525,0.501063677,0.368424798
7093763,0.087778864,0.395512647,0.516708489
7091463,0.063199224,0.377603203,0.559197574
7091435,0.077482556,0.479497036,0.443020408
7092671,0.101162367,0.563075377,0.335762256
6947391,0.029137228,0.24665101,0.724211762
6952745,0.118254734,0.567013937,0.314731329
6953092,0.184316449,0.495960127,0.319723424
6985109,0.037935623,0.258171072,0.703893305
6985170,0.073965665,0.467259958,0.458774377
7012604,0.103629526,0.52962936,0.366741114
7012322,0.187522787,0.353495156,0.458982056
7092516,0.136563646,0.418762942,0.444673412
7012401,0.09608775,0.475939442,0.427972808
7012739,0.056052942,0.438982098,0.50496496
7012082,0.18456776,0.465170792,0.350261449
6898018,0.031044228,0.237423646,0.731532126
7010978,0.110600107,0.428333984,0.461065909
7010253,0.062364438,0.547638589,0.389996973
7010674,0.062612545,0.406051439,0.531336016
7010091,0.085747493,0.347129801,0.567122706
6985190,0.110794,0.491499839,0.397706161
6986461,0.04239887,0.226798252,0.730802878
6953374,0.004555199,0.044773361,0.950671441
6985721,0.043691285,0.343065547,0.613243168
6985234,0.102176362,0.601694213,0.296129425
7011139,0.110600107,0.428333984,0.461065909
6857809,0.034791931,0.501386789,0.46382128
7012119,0.144948624,0.467299706,0.38775167
6986539,0.047874812,0.320784438,0.63134075
7009975,0.060045711,0.505854647,0.434099642
7012625,0.068158426,0.418549627,0.513291947
6985948,0.069064413,0.527593754,0.403341833
7012344,0.08426531,0.371272256,0.544462435
6986537,0.046671568,0.281841969,0.671486462
7011726,0.11084356,0.461123856,0.428032584
7011737,0.047583213,0.25132791,0.701088877
7011926,0.116050525,0.604239434,0.279710041
6856590,0.007557158,0.053780602,0.938662241
7012530,0.103220076,0.450514521,0.446265403
7010945,0.046925582,0.312615751,0.640458667
6953496,0.104840784,0.40873041,0.486428806
7012076,0.045036969,0.164831437,0.790131593
7011669,0.055977442,0.300923202,0.643099356
6952988,0.068290338,0.429792853,0.501916809
7010703,0.070134522,0.350217684,0.579647794
7011320,0.058928792,0.32581229,0.615258918
7092649,0.104689572,0.530008146,0.365302281
6953424,0.069863017,0.389221728,0.540915255
7205145,0.047121446,0.235469407,0.717409147
7012032,0.038794092,0.250358091,0.710847817
6985291,0.231689876,0.475272358,0.293037766
7012953,0.079971533,0.584422545,0.335605921
6985658,0.181720362,0.480684122,0.337595516
7012251,0.076823344,0.367709401,0.555467255
7012035,0.208373201,0.485613172,0.306013627
7091685,0.122605643,0.534644044,0.342750313
6952939,0.093249013,0.414522881,0.492228105
6953123,0.079800337,0.487892055,0.432307608
7011572,0.047633401,0.267737207,0.684629392
6851603,0.048131086,0.33021979,0.621649124
6984798,0.173818984,0.480135434,0.346045582
7010661,0.068497302,0.390656941,0.540845757
6953004,0.071311703,0.324974772,0.603713525
6986436,0.118036203,0.494026691,0.387937107
7012714,0.115823097,0.484982161,0.399194742
6985188,0.110794,0.491499839,0.397706161
6952480,0.174454636,0.464663089,0.360882276
7012071,0.201552982,0.506412689,0.292034329
7011661,0.069201572,0.492898528,0.4378999
7010467,0.231976182,0.462093306,0.305930512
6921090,0.008744924,0.129957253,0.861297823
7012840,0.098481636,0.213364038,0.688154325
7011499,0.094498677,0.472076069,0.433425254
6953261,0.113114778,0.542189511,0.344695711
6953129,0.041551823,0.232114267,0.72633391
7012504,0.076717373,0.459167499,0.464115127
7011640,0.054589832,0.270048384,0.675361784
6953327,0.117440798,0.417041307,0.465517895
6952943,0.088605232,0.562060739,0.34933403
7010936,0.10052775,0.465760185,0.433712065
6953119,0.048727995,0.272075972,0.679196033
6938003,0.042358629,0.382810679,0.574830692
7010932,0.110074872,0.484726826,0.405198302
7010527,0.111296575,0.482961231,0.405742194
7010472,0.070222457,0.489392014,0.440385529
6953256,0.062344564,0.348062164,0.589593273
7011333,0.079022282,0.547351012,0.373626706
7011744,0.154213159,0.55478097,0.291005871
7012068,0.11525721,0.394259823,0.490482968
7010762,0.074119305,0.487597292,0.438283404
6985358,0.064382599,0.405335462,0.530281938
7010946,0.163082354,0.517186456,0.31973119
6934514,0.09241484,0.327044718,0.580540443
6985118,0.058892972,0.360548459,0.580558568
6984951,0.046528329,0.453450666,0.500021006
6953591,0.055523154,0.320801416,0.62367543
6986010,0.061783436,0.377846867,0.560369697
6986249,0.130805967,0.526419941,0.342774092
7010486,0.097026709,0.449399952,0.453573339
7093217,0.271928051,0.434387917,0.293684032
6953398,0.172476577,0.561141438,0.266381985
6952502,0.064158928,0.21052631,0.725314763
6985986,0.084126617,0.493847426,0.422025956
6958994,0.116373773,0.472571399,0.411054828
6946728,0.041346124,0.500909795,0.457744081
7012042,0.166711403,0.567482563,0.265806034
6985555,0.191514508,0.373625483,0.434860009
7093036,0.051953968,0.304817458,0.643228574
6931752,0.046239152,0.397705024,0.556055825
6932376,0.145859933,0.565900859,0.288239208
6895715,0.049525152,0.369906507,0.580568341
6895848,0.068430582,0.392857921,0.538711497
6895903,0.075621945,0.382888551,0.541489503
6839816,0.253977717,0.451395217,0.294627066
6845277,0.091576877,0.389415797,0.519007326
6829771,0.024313965,0.208699083,0.766986952
6839702,0.093871425,0.4033138,0.502814774
6932055,0.048541889,0.302108228,0.649349883
6932009,0.268856933,0.463158387,0.26798468
6855449,0.156830213,0.458173164,0.384996623
6895224,0.065365062,0.354272197,0.580362742
6932420,0.042491756,0.294221075,0.663287168
6932773,0.114946256,0.545201858,0.339851886
6932870,0.127551901,0.586874074,0.285574024
6855750,0.045609759,0.15948616,0.794904081
6896428,0.125529368,0.417996242,0.456474391
6906590,0.031889714,0.241559447,0.726550839
6933260,0.096101303,0.410265854,0.493632843
6845334,0.228705645,0.502970238,0.268324117
6895403,0.079842336,0.502219721,0.417937943
6933168,0.183682002,0.526535318,0.28978268
6896406,0.091701829,0.379431542,0.528866629
7093854,0.216355566,0.363592566,0.420051868
6895304,0.108971082,0.454155473,0.436873445
6845226,0.161886552,0.536898138,0.301215311
6932042,0.044258191,0.374592821,0.581148987
6931801,0.083950115,0.481813541,0.434236345
7144447,0.083811222,0.574130936,0.342057843
6844334,0.102264605,0.585063375,0.31267202
6931579,0.260734072,0.413698102,0.325567827
6895529,0.225341175,0.527399463,0.247259361
6855077,0.066014737,0.474346032,0.459639232
6933052,0.165442477,0.421142487,0.413415036
6844819,0.064628458,0.556763768,0.378607774
6896777,0.10515947,0.475056277,0.419784253
6895272,0.103627483,0.49284787,0.403524647
6932967,0.046242719,0.188747979,0.765009302
6894994,0.227484781,0.525607774,0.246907446
6883243,0.012285312,0.216579663,0.771135025
6895150,0.064542855,0.267919442,0.667537704
6839634,0.114137457,0.526407402,0.35945514
6888511,0.00755738,0.021040068,0.971402553
6888375,0.002446612,0.011285256,0.986268132
6909432,0.041979905,0.120285926,0.837734169
6909133,0.002833358,0.016339243,0.980827399
7219882,0.029055497,0.139924328,0.831020176
6914600,0.031687074,0.149778467,0.818534459
6888379,0.00329672,0.011552494,0.985150786
6917490,0.041073234,0.175584118,0.783342648
6845792,0.033139309,0.216660984,0.750199706
7228451,0.039982112,0.17505326,0.784964628
7222718,0.047438274,0.191103586,0.76145814
7165857,0.055371654,0.210751571,0.733876776
7227993,0.038838922,0.156491435,0.804669643
7161185,0.002979376,0.011633085,0.985387539
7212039,0.025638549,0.12105536,0.853306091
6987384,0.059328974,0.173445048,0.767225978
7051297,0.003721415,0.010909981,0.985368604
6992789,0.022042452,0.107103216,0.870854333
7045659,0.043154315,0.17257111,0.784274575
6860349,0.040423218,0.268325061,0.691251721
7004169,0.002533071,0.009325244,0.988141685
7004252,0.002533071,0.009325244,0.988141685
7018003,0.002802908,0.009711279,0.987485813
6987484,0.048461436,0.177642287,0.773896277
7004267,0.046698326,0.154973184,0.79832849
6987398,0.003871042,0.014531396,0.981597562
7009549,0.003779721,0.013407531,0.982812747
6977265,0.035864083,0.165503286,0.798632631
7077199,0.003903413,0.013841313,0.982255274
6972357,0.001398576,0.016395952,0.982205471
6937286,0.029987545,0.240283839,0.729728616
6987467,0.050624672,0.194425829,0.754949499
6987490,0.044377943,0.173352113,0.782269945
7095312,0.033370473,0.155491043,0.811138484
7068330,0.001699618,0.009827526,0.988472856
7004277,0.057297502,0.089618353,0.853084145
7045624,0.049256405,0.178426274,0.772317321
7077082,0.005544524,0.020123571,0.974331905
7004131,0.042477039,0.1484643,0.809058661
6987427,0.033597169,0.157069716,0.809333115
7004173,0.047843591,0.131051417,0.821104992
6883328,0.006860462,0.036817629,0.95632191
7067761,0.028897643,0.129297696,0.841804661
6972510,0.034713445,0.174022402,0.791264153
6854151,0.004071855,0.015581684,0.98034646
6888487,0.007660396,0.025233953,0.967105651
6888359,0.006889809,0.024703347,0.968406844
6888493,0.003116004,0.011206411,0.985677584
6914064,0.0323497,0.131883859,0.835766441
6812519,0.022355011,0.124292008,0.853352981
6914157,0.046897114,0.208262776,0.74484011
6897542,0.04800199,0.193101301,0.758896709
6947221,0.024760076,0.35098391,0.624256015
6934422,0.033653514,0.133485323,0.832861163
6888392,0.005930801,0.022224908,0.971844291
6827614,0.041193088,0.225540091,0.733266821
6942704,0.077755412,0.458161678,0.46408291
6844380,0.228643302,0.480935859,0.290420839
7121050,0.045181687,0.347233472,0.607584841
6879765,0.153217597,0.605824784,0.240957619
6927559,0.298617713,0.429435443,0.271946844
6913204,0.092857021,0.568138705,0.339004274
6878796,0.071189835,0.348835879,0.579974285
7014033,0.358716978,0.414030655,0.227252367
7092464,0.030210307,0.281479862,0.688309831
6844700,0.25274033,0.500649221,0.246610449
6844928,0.194843357,0.542619066,0.262537578
6879738,0.101447866,0.494401814,0.40415032
6878770,0.037112602,0.331157432,0.631729966
6878327,0.333717404,0.448213134,0.218069462
6879859,0.14405747,0.430239388,0.425703142
6844889,0.262861859,0.525097601,0.21204054
7172671,0.219857916,0.482219676,0.297922408
6879609,0.076343125,0.341393065,0.582263811
6913428,0.078452403,0.430492206,0.491055391
6918001,0.018084076,0.268102816,0.713813107
6942897,0.073687919,0.361367878,0.564944204
6943691,0.094412593,0.363388634,0.542198773
6942756,0.414551258,0.407795363,0.177653379
6942957,0.068762863,0.564882796,0.366354341
6942749,0.164579861,0.573341861,0.262078278
6844632,0.276011507,0.504847525,0.219140967
6912836,0.438383533,0.386105361,0.175511106
6912816,0.055308914,0.501866208,0.442824878
6844401,0.047829921,0.432238482,0.519931597
6879194,0.043336345,0.285176846,0.67148681
6860837,0.022552771,0.289562014,0.687885215
6913600,0.137851434,0.457979931,0.404168635
6913321,0.250005345,0.484207995,0.26578666
6913179,0.129080112,0.510892291,0.360027597
6878893,0.201731113,0.489549535,0.308719352
6912795,0.109409786,0.35638756,0.534202653
6878935,0.412166526,0.399988119,0.187845355
6879296,0.119466107,0.514197404,0.366336489
7091413,0.126417496,0.541484878,0.332097626
6913316,0.442587446,0.431493401,0.125919153
6912818,0.031597171,0.351770257,0.616632573
6845828,0.061023763,0.375356178,0.563620059
6844692,0.069908403,0.509562746,0.420528851
7200887,0.056500916,0.56762051,0.375878573
6879106,0.151700974,0.498574568,0.349724458
6943706,0.094953282,0.567371102,0.337675617
6943416,0.198784463,0.655487229,0.145728308
6878821,0.429940575,0.326768401,0.243291024
7170612,0.122358919,0.539354417,0.338286664
6878374,0.1160564,0.670187142,0.213756458
6943480,0.078205811,0.611780485,0.310013704
6844548,0.068098036,0.418468219,0.513433744
6905528,0.07463197,0.254666527,0.670701503
6878689,0.080184356,0.369972647,0.549842997
6943754,0.153206627,0.571743434,0.275049938
6845423,0.051124262,0.463973046,0.484902692
7126787,0.195610553,0.551666281,0.252723166
6878931,0.02980567,0.326070308,0.644124022
7170682,0.066091145,0.431774875,0.50213398
6879457,0.075381963,0.486784683,0.437833354
6943596,0.145214103,0.504462628,0.350323269
6844810,0.289255052,0.441619193,0.269125755
6913005,0.206595582,0.545313389,0.248091029
6920474,0.037378272,0.302196889,0.660424839
6879355,0.042611698,0.397006676,0.560381625
6912888,0.07502637,0.553731974,0.371241656
6878539,0.110253975,0.528674591,0.361071434
6913079,0.13612566,0.609802702,0.254071638
6913598,0.067439917,0.502183137,0.430376947
6913530,0.087006335,0.375992198,0.537001467
6879658,0.046148085,0.372190572,0.581661344
6844394,0.050688724,0.501677925,0.447633352
6943281,0.087696574,0.413161942,0.499141484
7232436,0.103551845,0.582700837,0.313747317
6915858,0.017849799,0.213889358,0.768260843
6913372,0.040545601,0.296472951,0.662981448
6942487,0.045352909,0.506629037,0.448018054
6879384,0.04512218,0.330426511,0.624451308
6913020,0.032959517,0.297133006,0.669907477
6943488,0.066981347,0.528260061,0.404758592
6844407,0.137446688,0.574206232,0.288347079
6878515,0.034936907,0.24058578,0.724477313
6912975,0.13578198,0.521793243,0.342424776
6943657,0.084842673,0.590439186,0.324718141
6879800,0.317891901,0.421469584,0.260638515
6842853,0.031194892,0.363747371,0.605057737
6844365,0.100520545,0.359022359,0.540457096
6913009,0.034271477,0.572274445,0.393454078
7232076,0.126548621,0.478172876,0.395278504
6879711,0.002310199,0.01110896,0.986580841
6879342,0.208066301,0.475501659,0.31643204
6844566,0.137663177,0.612245978,0.250090845
6912958,0.038251663,0.292759237,0.6689891
7200145,0.088453502,0.310714505,0.600831993
6942513,0.166201502,0.504217646,0.329580851
6943272,0.092984711,0.652696365,0.254318924
6829154,0.042243617,0.445976218,0.511780165
6913197,0.167425611,0.567356431,0.265217958
6943432,0.295310938,0.423354589,0.281334473
6845428,0.117772066,0.40909454,0.473133394
6913004,0.063918814,0.5852328,0.350848386
6942626,0.043475475,0.310570869,0.645953657
6879330,0.120414279,0.607731926,0.271853795
6844789,0.148308006,0.607171535,0.244520459
6912822,0.036622301,0.54569219,0.41768551
6844398,0.050132683,0.294558797,0.65530852
6844368,0.038848345,0.280263262,0.680888393
7097662,0.220797533,0.485001951,0.294200515
6844604,0.080873809,0.566664129,0.352462062
6878291,0.079670428,0.562108552,0.358221019
6942768,0.064591265,0.355252445,0.58015629
6844487,0.042189264,0.425270551,0.532540185
6913462,0.044428536,0.481258194,0.47431327
6912843,0.047779477,0.35511358,0.597106943
6912809,0.062312856,0.561760629,0.375926516
6879029,0.282539162,0.490671724,0.226789114
6879092,0.235067019,0.462577076,0.302355905
6878232,0.20703943,0.463825758,0.329134812
7013387,0.12277468,0.398169705,0.479055616
6825247,0.086422142,0.394296588,0.51928127
6878509,0.173228288,0.570408343,0.256363369
6943401,0.113106618,0.562881809,0.324011572
6878940,0.058293885,0.2576722,0.684033916
7232368,0.059278925,0.51946982,0.421251255
6844673,0.047823375,0.373330308,0.578846317
6844267,0.123351284,0.348063343,0.528585374
6942590,0.098719915,0.475073566,0.426206519
7092487,0.13412607,0.528613812,0.337260118
6878303,0.070130113,0.510290652,0.419579234
6844323,0.121169836,0.318120173,0.56070999
6867355,0.043601471,0.317340937,0.639057592
6845185,0.218359276,0.452940228,0.328700495
7232022,0.155426371,0.555253692,0.289319937
7091957,0.215910651,0.507013199,0.27707615
6844274,0.201130947,0.477782675,0.321086378
6913092,0.491333681,0.324451488,0.184214831
6878712,0.172207747,0.623173698,0.204618555
6913298,0.024534143,0.176476265,0.798989592
6942757,0.120147687,0.674952535,0.204899778
6878344,0.231186117,0.561162818,0.207651065
6913318,0.041223515,0.536778768,0.421997718
6897615,0.086084581,0.381562133,0.532353286
6942679,0.039364712,0.428411114,0.532224174
6942994,0.133400886,0.603174063,0.263425051
6844688,0.066066125,0.341169538,0.592764337
6844433,0.069832097,0.431720851,0.498447052
7232909,0.244153304,0.536352558,0.219494139
7201503,0.174312065,0.450681672,0.375006263
7092959,0.072369265,0.539384794,0.388245941
7231705,0.091443178,0.519516839,0.389039983
7171586,0.133407165,0.469379903,0.397212932
7172256,0.249935613,0.231112854,0.518951533
6834955,0.030071261,0.182982242,0.786946497
7171057,0.174033666,0.554497323,0.271469011
7200454,0.147161867,0.648140384,0.204697749
7200990,0.063523385,0.543377059,0.393099556
7172309,0.054354901,0.367814395,0.577830705
7169818,0.024294601,0.163778768,0.811926632
7200575,0.066065154,0.565529408,0.368405438
7171018,0.303205057,0.483384537,0.213410406
7092672,0.240437772,0.525805325,0.233756904
7173258,0.057085162,0.248401054,0.694513785
7170369,0.068002996,0.527914085,0.404082919
6836724,0.048686234,0.343184361,0.608129405
7233442,0.45230652,0.376646855,0.171046625
7120654,0.052984665,0.495866389,0.451148946
7093286,0.078081949,0.385364238,0.536553813
7091154,0.028367611,0.256312489,0.7153199
7232972,0.024367983,0.259581564,0.716050453
7121053,0.146403447,0.373944335,0.479652218
7232264,0.1585064,0.583986461,0.257507139
7169826,0.109322699,0.556929869,0.333747432
7232711,0.147655223,0.557793433,0.294551344
7232292,0.106624372,0.437708699,0.455666929
6875012,0.040828942,0.178056103,0.781114955
7232788,0.071744185,0.598802765,0.32945305
7232021,0.041621014,0.324747311,0.633631676
7126967,0.069490261,0.373953754,0.556555985
7201612,0.090434093,0.355639995,0.553925913
7171805,0.442669857,0.381426816,0.175903326
7092482,0.117449926,0.4893308,0.393219274
7171756,0.046083133,0.212816871,0.741099995
7200463,0.446080723,0.376845269,0.177074008
7121537,0.139453635,0.501789008,0.358757357
7172322,0.066769718,0.507973817,0.425256465
6873347,0.107610365,0.684189043,0.208200591
7233294,0.040338898,0.310090725,0.649570378
7125963,0.117538832,0.494421692,0.388039476
7093008,0.084987651,0.585427007,0.329585343
7121143,0.058817178,0.587946738,0.353236085
7170492,0.065908462,0.315173446,0.618918092
7201027,0.137316218,0.61458642,0.248097362
7233430,0.468136266,0.392626191,0.139237543
7173005,0.08268028,0.33035112,0.5869686
7173697,0.06859466,0.382347459,0.549057881
7232208,0.035897019,0.2664549,0.697648081
6825060,0.0130681,0.17079736,0.81613454
7200859,0.052051882,0.568549355,0.379398763
7231801,0.061413525,0.37117904,0.567407435
7231806,0.082609297,0.316867376,0.600523326
7232894,0.054698207,0.288193375,0.657108418
7173097,0.337042647,0.411029747,0.251927606
7232134,0.15780917,0.425328161,0.416862669
7092760,0.108076074,0.36945972,0.522464206
7091129,0.340941774,0.348075267,0.310982959
7171284,0.065830513,0.547092438,0.387077049
7232456,0.052793797,0.455627441,0.491578762
6946738,0.016226358,0.267903233,0.715870409
7121281,0.038368652,0.370716275,0.590915073
7121221,0.22944497,0.372114999,0.398440031
7233440,0.044157782,0.550844934,0.404997284
7172729,0.299097558,0.472013174,0.228889269
7233027,0.162365504,0.576341198,0.261293298
7201132,0.078582353,0.478261311,0.443156336
7170188,0.050007924,0.38347252,0.566519556
7200451,0.085616945,0.31703985,0.597343205
7200749,0.463344284,0.338567536,0.19808818
7126587,0.086275887,0.526774857,0.386949256
6877101,0.002477152,0.012013221,0.985509626
7233399,0.136748378,0.586809133,0.276442489
7170701,0.075830989,0.517654405,0.406514606
7092240,0.054129842,0.393563047,0.552307112
7093174,0.085171806,0.644813237,0.270014956
7121506,0.080561139,0.459432468,0.460006392
7201469,0.274162791,0.482671161,0.243166047
7173163,0.146908982,0.586076375,0.267014643
7171174,0.228294779,0.555427749,0.216277472
7120717,0.38209173,0.436436934,0.181471336
7232534,0.08078586,0.510167318,0.409046822
7013442,0.147942962,0.4271936,0.424863437
6859615,0.293330229,0.407072377,0.299597394
7121243,0.25924822,0.527136581,0.213615199
