listing_id,high,medium,low
6811958,0.2276,0.3902,0.3822
6811960,0.2134,0.2598,0.5267
6811964,0.3118,0.3005,0.3877
6811971,0.0407,0.232,0.7273
6811974,0.2058,0.4354,0.3588
6811983,0.0699,0.2824,0.6477
6811984,0.0798,0.3261,0.5942
6811985,0.086,0.179,0.735
6811988,0.2554,0.4129,0.3317
6811990,0.0477,0.2032,0.7491
6811992,0.1216,0.2148,0.6636
6811995,0.0328,0.2278,0.7394
6811997,0.025,0.1293,0.8458
6812012,0.0176,0.1179,0.8645
6812016,0.0086,0.0465,0.9449
6812032,0.0223,0.1276,0.8502
6812035,0.0213,0.1866,0.7921
6812041,0.0656,0.1927,0.7418
6812045,0.0108,0.1066,0.8826
6812049,0.0503,0.1361,0.8136
6812050,0.0702,0.1923,0.7375
6812051,0.031,0.101,0.868
6812052,0.0379,0.1492,0.8129
6812063,0.0204,0.1212,0.8584
6812077,0.0678,0.209,0.7232
6812082,0.0315,0.0798,0.8887
6812091,0.024,0.1622,0.8138
6812098,0.0281,0.1535,0.8184
6812106,0.0479,0.1818,0.7703
6812119,0.0749,0.3236,0.6015
6812126,0.1078,0.2141,0.6781
6812127,0.0186,0.0924,0.889
6812135,0.0197,0.1506,0.8297
6812140,0.1294,0.226,0.6447
6812141,0.0228,0.0959,0.8814
6812143,0.0146,0.074,0.9114
6812151,0.0543,0.1759,0.7698
6812153,0.0226,0.0762,0.9013
6812157,0.0506,0.2173,0.7322
6812158,0.0136,0.07,0.9164
6812174,0.0351,0.096,0.8688
6812177,0.0304,0.1445,0.8251
6812178,0.0285,0.0886,0.883
6812181,0.0295,0.1911,0.7794
6812186,0.0141,0.1116,0.8743
6812187,0.0493,0.1781,0.7726
6812190,0.0252,0.1126,0.8622
6812195,0.0345,0.1404,0.8251
6812210,0.0903,0.2097,0.7
6812215,0.0321,0.2374,0.7305
6812216,0.0171,0.0935,0.8893
6812239,0.0097,0.0631,0.9272
6812243,0.0715,0.2051,0.7234
6812257,0.0379,0.1873,0.7748
6812259,0.0361,0.107,0.8569
6812263,0.076,0.1626,0.7614
6812264,0.0359,0.0973,0.8669
6812266,0.0426,0.1326,0.8248
6812269,0.0444,0.1323,0.8234
6812270,0.0696,0.191,0.7393
6812274,0.2481,0.3218,0.4302
6812292,0.0364,0.2106,0.753
6812294,0.0114,0.0536,0.935
6812300,0.0258,0.1024,0.8717
6812315,0.0622,0.1577,0.7801
6812321,0.0267,0.1209,0.8524
6812326,0.0387,0.1646,0.7967
6812332,0.0114,0.1046,0.8839
6812336,0.0192,0.1076,0.8732
6812339,0.0379,0.1488,0.8133
6812340,0.0215,0.1278,0.8507
6812345,0.1031,0.1604,0.7365
6812360,0.0434,0.1011,0.8555
6812380,0.0374,0.1249,0.8377
6812382,0.1094,0.2283,0.6623
6812389,0.0901,0.1746,0.7353
6812418,0.0298,0.1358,0.8344
6812424,0.0684,0.1572,0.7743
6812428,0.0109,0.0849,0.9042
6812436,0.0171,0.0864,0.8965
6812440,0.0268,0.1108,0.8624
6812441,0.0304,0.1742,0.7954
6812449,0.0365,0.1056,0.8579
6812456,0.0212,0.1411,0.8377
6812459,0.0182,0.0674,0.9144
6812462,0.0578,0.11,0.8322
6812465,0.0392,0.1322,0.8286
6812466,0.0265,0.2044,0.7691
6812476,0.0906,0.2521,0.6573
6812481,0.0517,0.1268,0.8216
6812483,0.0166,0.109,0.8744
6812487,0.0936,0.24,0.6664
6812504,0.034,0.1282,0.8379
6812510,0.0225,0.0943,0.8832
6812519,0.0406,0.1154,0.844
6812545,0.1015,0.2184,0.6801
6812549,0.0213,0.0752,0.9035
6812559,0.0208,0.1765,0.8026
6812564,0.0315,0.1662,0.8023
6812573,0.2262,0.2232,0.5506
6812579,0.0221,0.0799,0.8979
6812584,0.1114,0.1982,0.6903
6812586,0.0393,0.1626,0.7981
6812592,0.0387,0.1119,0.8495
6812597,0.0284,0.1385,0.8331
6812600,0.07,0.1519,0.7782
6812605,0.0464,0.0797,0.8739
6812621,0.0141,0.0846,0.9013
6812632,0.0548,0.2322,0.7129
6812654,0.1331,0.2459,0.621
6812655,0.017,0.0781,0.9049
6812674,0.0185,0.0932,0.8883
6812676,0.0087,0.065,0.9264
6812677,0.0071,0.0348,0.9581
6812686,0.015,0.0967,0.8883
6812689,0.0233,0.0658,0.9109
6812691,0.011,0.0542,0.9348
6812694,0.0147,0.0921,0.8931
6812720,0.0069,0.0314,0.9617
6812731,0.0079,0.0565,0.9356
6812735,0.0402,0.0637,0.8961
6812740,0.0136,0.0527,0.9337
6812741,0.013,0.0507,0.9363
6812768,0.017,0.0697,0.9132
6812776,0.0215,0.0771,0.9014
6812777,0.011,0.0696,0.9194
6812787,0.0107,0.0797,0.9097
6812790,0.0373,0.0922,0.8705
6812813,0.4573,0.3362,0.2065
6812816,0.0083,0.058,0.9337
6812819,0.1413,0.2305,0.6283
6812838,0.2228,0.4121,0.3651
6812845,0.2476,0.4454,0.307
6812846,0.1466,0.3453,0.5081
6812853,0.0553,0.1932,0.7515
6812857,0.0357,0.2173,0.747
6812862,0.4619,0.3365,0.2017
6812868,0.2223,0.4079,0.3698
6812879,0.0291,0.2222,0.7487
6812882,0.262,0.2068,0.5313
6812883,0.2474,0.4449,0.3077
6812893,0.1406,0.2574,0.602
6812900,0.0842,0.2828,0.6329
6812919,0.0186,0.0836,0.8978
6812920,0.1325,0.3057,0.5617
6812923,0.1917,0.3082,0.5001
6812939,0.0158,0.081,0.9032
6812945,0.1941,0.3335,0.4723
6812946,0.1535,0.3063,0.5402
6812947,0.0313,0.1387,0.83
6812956,0.2124,0.245,0.5426
6812959,0.1305,0.373,0.4965
6812965,0.0336,0.2276,0.7388
6812972,0.1779,0.4474,0.3746
6812974,0.0213,0.1403,0.8384
6812978,0.0809,0.2365,0.6826
6812979,0.0387,0.1244,0.8369
6812994,0.0424,0.1138,0.8438
6812997,0.0135,0.1209,0.8656
6813002,0.1212,0.2466,0.6322
6813003,0.0592,0.3458,0.5951
6813006,0.0173,0.0998,0.8829
6813008,0.0253,0.154,0.8207
6813017,0.0154,0.0981,0.8865
6813018,0.0581,0.1466,0.7954
6813019,0.1022,0.2243,0.6735
6813026,0.0417,0.1177,0.8405
6813028,0.0188,0.0841,0.8971
6813030,0.0443,0.1367,0.8191
6813039,0.031,0.1494,0.8196
6813044,0.04,0.274,0.686
6813046,0.0263,0.163,0.8107
6813048,0.1379,0.3097,0.5524
6813062,0.0536,0.243,0.7034
6813069,0.1067,0.3578,0.5355
6813076,0.0168,0.1583,0.8248
6813077,0.0842,0.3302,0.5855
6813081,0.0376,0.2077,0.7547
6813090,0.1478,0.3859,0.4663
6813091,0.0158,0.0811,0.9031
6813101,0.0121,0.1383,0.8496
6813107,0.1102,0.317,0.5728
6813121,0.0843,0.3013,0.6143
6813126,0.1178,0.3484,0.5337
6813128,0.0363,0.1945,0.7692
6813133,0.1323,0.4384,0.4293
6813139,0.0853,0.3468,0.568
6813140,0.0298,0.2199,0.7503
6813147,0.1191,0.2905,0.5904
6813157,0.2053,0.3484,0.4463
6813158,0.0454,0.2809,0.6736
6813171,0.0507,0.2153,0.7339
6813173,0.0475,0.2753,0.6773
6813175,0.1509,0.3311,0.518
6813176,0.0733,0.2006,0.7261
6813181,0.0379,0.1824,0.7797
6813182,0.0357,0.1886,0.7756
6813184,0.1255,0.3507,0.5239
6813186,0.0133,0.0834,0.9033
6813197,0.0672,0.3799,0.5529
6813208,0.0345,0.1108,0.8547
6813211,0.1297,0.3141,0.5562
6813229,0.0355,0.1574,0.8071
6813230,0.0213,0.1183,0.8604
6813231,0.0253,0.1863,0.7884
6813236,0.1103,0.262,0.6277
6813241,0.0349,0.2077,0.7574
6813244,0.109,0.1928,0.6982
6813247,0.2235,0.387,0.3895
6813248,0.2073,0.3647,0.4281
6813251,0.0689,0.3914,0.5397
6813254,0.0266,0.1793,0.7941
6813257,0.1226,0.3485,0.529
6813260,0.1128,0.2826,0.6046
6813261,0.1462,0.4404,0.4133
6813263,0.048,0.1919,0.7601
6813264,0.1162,0.3886,0.4953
6813277,0.0868,0.4804,0.4328
6813300,0.0198,0.1344,0.8458
6813304,0.1668,0.3038,0.5294
6813308,0.0182,0.1399,0.8419
6813309,0.1309,0.3213,0.5478
6813317,0.0079,0.1028,0.8893
6813318,0.0382,0.1935,0.7684
6813338,0.1521,0.2727,0.5752
6813346,0.0933,0.3416,0.5651
6813357,0.2083,0.3024,0.4893
6813360,0.0329,0.2217,0.7454
6813361,0.0329,0.0784,0.8887
6813363,0.0258,0.1431,0.8311
6813373,0.0382,0.2725,0.6893
6813382,0.0676,0.293,0.6393
6813391,0.0282,0.3282,0.6436
6813395,0.0931,0.2599,0.647
6813405,0.0567,0.2298,0.7135
6813406,0.0156,0.1024,0.882
6813412,0.0287,0.1291,0.8422
6813417,0.095,0.2926,0.6123
6813438,0.1675,0.3759,0.4566
6813439,0.0315,0.1448,0.8237
6813440,0.031,0.1896,0.7794
6813446,0.0148,0.1364,0.8488
6813448,0.1489,0.3035,0.5476
6813449,0.0262,0.1812,0.7926
6813450,0.0171,0.0971,0.8858
6813452,0.3562,0.3638,0.2801
6813465,0.0793,0.3404,0.5803
6813475,0.0645,0.235,0.7004
6813477,0.0851,0.2043,0.7107
6813485,0.0305,0.1524,0.8171
6813488,0.0223,0.1016,0.8761
6813495,0.0814,0.3273,0.5913
6813500,0.0704,0.279,0.6506
6813503,0.0978,0.4252,0.4771
6813512,0.1196,0.3584,0.522
6813519,0.129,0.4127,0.4583
6813522,0.063,0.3951,0.5419
6813526,0.1084,0.4387,0.4528
6813534,0.0514,0.2523,0.6963
6813539,0.2686,0.2718,0.4596
6813544,0.0296,0.1964,0.774
6813555,0.1378,0.4174,0.4449
6813570,0.0345,0.154,0.8115
6813572,0.0212,0.1239,0.8549
6813573,0.0135,0.0881,0.8984
6813576,0.0808,0.1964,0.7228
6813579,0.0299,0.1697,0.8005
6813582,0.0646,0.2435,0.6919
6813597,0.0701,0.1499,0.78
6813603,0.0688,0.208,0.7232
6813617,0.0747,0.2135,0.7118
6813620,0.0442,0.2134,0.7425
6813625,0.1115,0.2419,0.6466
6813627,0.1177,0.3482,0.5341
6813642,0.0923,0.2691,0.6386
6813643,0.0468,0.2451,0.7081
6813648,0.0499,0.2074,0.7427
6813650,0.1391,0.2573,0.6035
6813652,0.0943,0.3595,0.5462
6813660,0.0173,0.2159,0.7668
6813661,0.0627,0.2371,0.7002
6813662,0.0584,0.1997,0.7419
6813688,0.058,0.4378,0.5042
6813694,0.0433,0.2007,0.756
6813702,0.0751,0.2456,0.6792
6813704,0.0327,0.1454,0.8219
6813706,0.1337,0.3598,0.5065
6813708,0.0268,0.1633,0.8099
6813720,0.0752,0.2933,0.6315
6813724,0.0285,0.2136,0.7579
6813729,0.0515,0.1834,0.7651
6813734,0.0545,0.1542,0.7913
6813744,0.087,0.3226,0.5904
6813746,0.113,0.3889,0.4981
6813753,0.0497,0.2196,0.7308
6813758,0.0615,0.3021,0.6365
6813760,0.0945,0.3645,0.541
6813763,0.1176,0.34,0.5425
6813769,0.044,0.2472,0.7088
6813771,0.0615,0.2681,0.6703
6813775,0.1233,0.2531,0.6236
6813781,0.0708,0.4583,0.4708
6813782,0.0868,0.2542,0.6591
6813783,0.078,0.3014,0.6206
6813791,0.0943,0.2676,0.638
6813794,0.0435,0.2313,0.7252
6813800,0.1076,0.2878,0.6045
6813801,0.0784,0.2907,0.6309
6813803,0.0981,0.3295,0.5724
6813805,0.0715,0.1755,0.753
6813807,0.0979,0.3523,0.5498
6813810,0.1834,0.3821,0.4345
6813815,0.2039,0.3231,0.473
6813821,0.0475,0.2175,0.735
6813825,0.0582,0.3952,0.5466
6813828,0.205,0.3059,0.4891
6813832,0.019,0.2059,0.7751
6813837,0.1436,0.1995,0.6568
6813840,0.0626,0.1985,0.7389
6813844,0.2027,0.3809,0.4164
6813848,0.2239,0.3125,0.4637
6813852,0.0714,0.1901,0.7385
6813853,0.038,0.2003,0.7617
6813855,0.0758,0.3074,0.6168
6813856,0.1499,0.3282,0.5219
6813857,0.1594,0.2802,0.5603
6813858,0.104,0.3521,0.5439
6813864,0.0379,0.1469,0.8152
6813869,0.0364,0.2257,0.7379
6813875,0.1075,0.3204,0.572
6813878,0.0554,0.1879,0.7567
6813882,0.0457,0.2315,0.7227
6813883,0.0657,0.219,0.7153
6813885,0.0828,0.3596,0.5576
6813891,0.0534,0.2019,0.7447
6813895,0.0614,0.2385,0.7001
6813896,0.1023,0.1757,0.722
6813906,0.1708,0.2991,0.5301
6813919,0.033,0.1751,0.7918
6813921,0.1556,0.2901,0.5543
6813937,0.0246,0.1105,0.8649
6813939,0.0268,0.1614,0.8118
6813948,0.0424,0.1903,0.7672
6813961,0.114,0.3127,0.5733
6813963,0.0335,0.2015,0.765
6813971,0.0857,0.2186,0.6957
6813980,0.2798,0.2601,0.4601
6813984,0.0818,0.2915,0.6268
6813994,0.0272,0.189,0.7838
6813997,0.0699,0.2992,0.631
6814000,0.1087,0.2975,0.5938
6814001,0.1543,0.3788,0.4669
6814009,0.0362,0.2193,0.7445
6814018,0.2337,0.2769,0.4895
6814025,0.0674,0.211,0.7216
6814027,0.0796,0.343,0.5774
6814030,0.0323,0.1855,0.7823
6814037,0.0518,0.2387,0.7095
6814039,0.0965,0.3026,0.6009
6814045,0.0395,0.2155,0.745
6814046,0.1035,0.3341,0.5624
6814049,0.033,0.1991,0.7679
6814053,0.0585,0.1992,0.7424
6814054,0.0274,0.1652,0.8074
6814057,0.1269,0.2793,0.5939
6814060,0.0985,0.3236,0.578
6814063,0.0313,0.1047,0.864
6814065,0.0436,0.1159,0.8405
6814067,0.0334,0.1902,0.7764
6814078,0.0457,0.2263,0.728
6814079,0.0571,0.2003,0.7426
6814083,0.1127,0.2194,0.6679
6814084,0.0826,0.2075,0.7099
6814087,0.055,0.2933,0.6517
6814121,0.0789,0.2763,0.6448
6814124,0.0332,0.2544,0.7124
6814130,0.0769,0.3243,0.5987
6814132,0.1028,0.3017,0.5955
6814133,0.0107,0.1456,0.8437
6814141,0.0352,0.1576,0.8073
6814145,0.101,0.318,0.581
6814146,0.0664,0.2845,0.6491
6814149,0.0843,0.1887,0.727
6814155,0.0907,0.2712,0.6381
6814156,0.0372,0.2873,0.6755
6814169,0.0187,0.0777,0.9036
6814170,0.0713,0.2473,0.6814
6814173,0.057,0.3052,0.6378
6814191,0.075,0.2487,0.6763
6814193,0.1213,0.4515,0.4272
6814196,0.1328,0.3631,0.5041
6814202,0.046,0.1359,0.8181
6814206,0.016,0.1333,0.8507
6814215,0.0237,0.0994,0.8769
6814226,0.0303,0.1069,0.8627
6814246,0.0328,0.1565,0.8108
6814259,0.0233,0.1335,0.8432
6814263,0.1281,0.3133,0.5586
6814264,0.0547,0.1668,0.7784
6814272,0.0825,0.2062,0.7113
6814286,0.0355,0.1486,0.8159
6814287,0.0848,0.3181,0.5971
6814308,0.0848,0.2516,0.6636
6814324,0.0524,0.1427,0.8049
6814325,0.0807,0.3321,0.5871
6814333,0.0757,0.2073,0.717
6814336,0.0987,0.2796,0.6216
6814341,0.0441,0.1948,0.761
6814347,0.0741,0.3061,0.6198
6814358,0.0389,0.1544,0.8068
6814361,0.0652,0.2312,0.7036
6814365,0.2316,0.3417,0.4266
6814373,0.065,0.1874,0.7476
6814378,0.0364,0.1177,0.8459
6814380,0.1114,0.3288,0.5598
6814387,0.0497,0.3437,0.6065
6814392,0.086,0.2659,0.6481
6814402,0.0763,0.247,0.6767
6814404,0.0248,0.0901,0.8851
6814405,0.0263,0.1384,0.8354
6814408,0.014,0.0678,0.9182
6814410,0.0378,0.149,0.8132
6814418,0.0153,0.0778,0.9069
6814429,0.0313,0.1818,0.7869
6814435,0.0737,0.2821,0.6442
6814437,0.1353,0.4061,0.4586
6814444,0.0701,0.3456,0.5843
6814446,0.1549,0.3461,0.499
6814450,0.1524,0.3449,0.5027
6814453,0.1315,0.4741,0.3944
6814457,0.0732,0.2827,0.6441
6814469,0.05,0.2615,0.6885
6814475,0.0162,0.1164,0.8674
6814478,0.0532,0.3004,0.6465
6814479,0.0756,0.4109,0.5136
6814486,0.0902,0.2774,0.6324
6814487,0.0738,0.2732,0.653
6814488,0.1109,0.34,0.5491
6814494,0.1399,0.3048,0.5553
6814502,0.1409,0.3438,0.5153
6814516,0.0935,0.3679,0.5386
6814517,0.0787,0.2481,0.6732
6814520,0.0548,0.3079,0.6373
6814525,0.0685,0.2815,0.65
6814532,0.0356,0.1807,0.7837
6814537,0.2787,0.3529,0.3684
6814538,0.151,0.2927,0.5564
6814582,0.0764,0.3635,0.5602
6814599,0.0805,0.2297,0.6898
6814602,0.2211,0.3296,0.4493
6814610,0.0337,0.258,0.7082
6814618,0.1228,0.3333,0.5439
6814631,0.0803,0.4047,0.515
6814632,0.0683,0.2608,0.6709
6814657,0.1892,0.2892,0.5216
6814658,0.0358,0.183,0.7813
6814663,0.0493,0.1594,0.7913
6814666,0.0863,0.3289,0.5847
6814686,0.1393,0.3666,0.4941
6814687,0.2058,0.4376,0.3566
6814704,0.07,0.2602,0.6699
6814711,0.0548,0.304,0.6411
6814713,0.0248,0.1419,0.8332
6814716,0.0542,0.3041,0.6417
6814717,0.0314,0.1907,0.7779
6814721,0.0308,0.2035,0.7657
6814726,0.1281,0.3117,0.5602
6814728,0.0402,0.2012,0.7586
6814730,0.0824,0.3863,0.5313
6814739,0.0287,0.1739,0.7974
6814740,0.2432,0.3347,0.4221
6814747,0.0744,0.284,0.6417
6814750,0.0652,0.2179,0.7169
6814752,0.0572,0.2685,0.6743
6814753,0.1401,0.3136,0.5462
6814767,0.1404,0.2502,0.6095
6814768,0.0319,0.2893,0.6788
6814787,0.0675,0.2767,0.6558
6814796,0.0302,0.142,0.8278
6814798,0.2344,0.3913,0.3743
6814804,0.17,0.2517,0.5783
6814806,0.0424,0.2205,0.7371
6814809,0.037,0.285,0.678
6814812,0.0304,0.2214,0.7483
6814816,0.086,0.3971,0.5169
6814821,0.1717,0.3457,0.4826
6814838,0.0443,0.1398,0.8159
6814849,0.0804,0.2658,0.6538
6814853,0.0605,0.2204,0.7191
6814862,0.0421,0.1901,0.7678
6814865,0.1998,0.3611,0.4391
6814871,0.0557,0.3158,0.6285
6814874,0.0662,0.2317,0.7021
6814879,0.1533,0.2638,0.5829
6814880,0.0542,0.2167,0.7291
6814883,0.1462,0.2924,0.5614
6814887,0.0769,0.2753,0.6478
6814889,0.2146,0.4457,0.3397
6814897,0.1317,0.3281,0.5402
6814904,0.1038,0.2942,0.602
6814917,0.0982,0.2925,0.6093
6814922,0.0721,0.2242,0.7037
6814926,0.0425,0.2563,0.7012
6814931,0.0915,0.3778,0.5307
6814954,0.0732,0.2437,0.6831
6814961,0.0733,0.196,0.7306
6814962,0.0411,0.2153,0.7435
6814963,0.1208,0.2681,0.611
6814965,0.0368,0.1962,0.767
6814968,0.0325,0.2879,0.6796
6814977,0.0863,0.31,0.6037
6814986,0.1395,0.2093,0.6512
6814990,0.1104,0.3075,0.582
6814991,0.0401,0.2305,0.7294
6814996,0.0867,0.2984,0.6149
6815001,0.0429,0.2126,0.7445
6815005,0.0563,0.2905,0.6532
6815007,0.0718,0.2294,0.6988
6815009,0.0517,0.2604,0.6879
6815020,0.2049,0.3043,0.4908
6815028,0.0295,0.1944,0.7761
6815038,0.0998,0.2472,0.653
6815040,0.0377,0.2448,0.7175
6815041,0.0557,0.2602,0.684
6815043,0.0911,0.5806,0.3282
6815056,0.0457,0.2982,0.6561
6815057,0.1291,0.1686,0.7024
6815067,0.0147,0.0646,0.9207
6815068,0.0293,0.2673,0.7034
6815071,0.0487,0.2222,0.729
6815083,0.0093,0.0758,0.915
6815085,0.0294,0.211,0.7596
6815089,0.008,0.0506,0.9414
6815093,0.0488,0.3794,0.5718
6815098,0.0949,0.4,0.5051
6815099,0.2448,0.2749,0.4803
6815102,0.0492,0.247,0.7039
6815107,0.0875,0.273,0.6395
6815112,0.0619,0.3068,0.6313
6815114,0.0242,0.2625,0.7133
6815119,0.1296,0.2055,0.6649
6815152,0.0425,0.1741,0.7834
6815162,0.1289,0.3607,0.5104
6815163,0.0456,0.2045,0.7499
6815166,0.1236,0.2812,0.5952
6815168,0.0543,0.3571,0.5886
6815176,0.0735,0.3103,0.6162
6815184,0.1647,0.3082,0.5271
6815193,0.0315,0.1752,0.7933
6815197,0.0625,0.21,0.7276
6815200,0.2464,0.359,0.3947
6815203,0.235,0.2737,0.4913
6815209,0.1259,0.3803,0.4938
6815211,0.0906,0.2635,0.6459
6815221,0.0368,0.19,0.7732
6815225,0.0633,0.2419,0.6948
6815227,0.1087,0.2891,0.6021
6815228,0.0238,0.1058,0.8704
6815232,0.0416,0.2047,0.7537
6815236,0.0216,0.174,0.8044
6815240,0.0372,0.1806,0.7822
6815248,0.0501,0.1561,0.7938
6815249,0.0442,0.2364,0.7194
6815266,0.0338,0.1541,0.8121
6815273,0.0345,0.1358,0.8297
6815281,0.1081,0.3204,0.5715
6815287,0.1272,0.2285,0.6443
6815290,0.0676,0.1708,0.7616
6815295,0.1599,0.2327,0.6074
6815297,0.108,0.3361,0.5559
6815298,0.0544,0.2045,0.7411
6815299,0.2886,0.1848,0.5266
6815300,0.0554,0.25,0.6947
6815301,0.0691,0.1903,0.7405
6815302,0.0766,0.2668,0.6566
6815310,0.233,0.3173,0.4498
6815314,0.3179,0.3391,0.343
6815317,0.278,0.2951,0.4269
6815321,0.0266,0.0841,0.8893
6815322,0.1144,0.2125,0.673
6815324,0.0574,0.2147,0.7279
6815325,0.1915,0.2901,0.5183
6815328,0.1836,0.3485,0.4679
6815343,0.0286,0.1003,0.8711
6815344,0.1232,0.175,0.7018
6815348,0.0146,0.0551,0.9303
6815349,0.0108,0.0354,0.9538
6815365,0.187,0.3916,0.4214
6815378,0.063,0.0665,0.8705
6815385,0.0999,0.2856,0.6146
6815390,0.0414,0.1679,0.7907
6815400,0.1451,0.2829,0.5721
6815401,0.1321,0.3087,0.5592
6815415,0.0202,0.0656,0.9142
6815433,0.0187,0.0586,0.9227
6815437,0.1585,0.4068,0.4347
6815446,0.1406,0.3266,0.5328
6815448,0.132,0.2251,0.6429
6815452,0.1101,0.3377,0.5522
6815466,0.0161,0.0596,0.9243
6815473,0.0947,0.3541,0.5511
6815483,0.0674,0.2622,0.6703
6815485,0.0412,0.2714,0.6873
6815488,0.0514,0.2636,0.6849
6815501,0.0319,0.1704,0.7976
6815504,0.0834,0.3904,0.5262
6815505,0.0573,0.211,0.7316
6815507,0.0423,0.3116,0.6462
6815510,0.151,0.3958,0.4532
6815512,0.3367,0.2547,0.4086
6815513,0.188,0.4322,0.3798
6815516,0.103,0.4185,0.4785
6815520,0.2205,0.4281,0.3514
6815521,0.1006,0.3665,0.5329
6815522,0.0595,0.2433,0.6972
6815523,0.0512,0.3362,0.6125
6815529,0.1211,0.4337,0.4453
6815530,0.0785,0.2588,0.6627
6815532,0.0488,0.1581,0.7931
6815533,0.1275,0.4185,0.454
6815536,0.062,0.3394,0.5986
6815537,0.0833,0.468,0.4486
6815539,0.023,0.1384,0.8386
6815541,0.04,0.2986,0.6615
6815547,0.1025,0.2691,0.6284
6815553,0.1039,0.3568,0.5393
6815555,0.0651,0.3286,0.6063
6815557,0.0478,0.2554,0.6968
6815575,0.0844,0.4797,0.4359
6815576,0.1101,0.1563,0.7336
6815577,0.1226,0.4841,0.3933
6815581,0.0264,0.1691,0.8045
6815590,0.0494,0.2718,0.6789
6815593,0.0532,0.2742,0.6726
6815598,0.0435,0.2586,0.6979
6815599,0.0671,0.4302,0.5027
6815605,0.0898,0.4308,0.4793
6815616,0.3528,0.3902,0.257
6815627,0.0687,0.3167,0.6146
6815628,0.0295,0.167,0.8035
6815630,0.0751,0.2032,0.7217
6815633,0.0929,0.3617,0.5453
6815636,0.0869,0.3586,0.5545
6815639,0.0734,0.3923,0.5343
6815642,0.0882,0.3789,0.533
6815644,0.0361,0.3192,0.6447
6815650,0.1153,0.4315,0.4533
6815659,0.2449,0.4613,0.2938
6815662,0.0815,0.3382,0.5804
6815663,0.1788,0.4571,0.3641
6815671,0.0602,0.2754,0.6644
6815675,0.3256,0.4059,0.2685
6815679,0.0618,0.2703,0.6679
6815681,0.0239,0.161,0.8151
6815685,0.0316,0.2152,0.7532
6815688,0.1558,0.4336,0.4107
6815693,0.3393,0.3808,0.2799
6815695,0.0534,0.3442,0.6024
6815700,0.0863,0.2922,0.6215
6815705,0.1039,0.3995,0.4966
6815713,0.0745,0.3054,0.6201
6815716,0.0404,0.2884,0.6713
6815729,0.0426,0.2948,0.6627
6815732,0.0957,0.2658,0.6385
6815733,0.1129,0.3908,0.4963
6815735,0.0483,0.3031,0.6486
6815737,0.0484,0.2958,0.6559
6815738,0.0598,0.375,0.5652
6815741,0.1515,0.421,0.4275
6815751,0.046,0.2962,0.6579
6815752,0.1089,0.4022,0.4889
6815754,0.0846,0.3159,0.5995
6815765,0.1058,0.292,0.6022
6815772,0.056,0.2127,0.7314
6815773,0.128,0.2604,0.6116
6815784,0.1123,0.4114,0.4762
6815786,0.0653,0.3374,0.5973
6815789,0.0476,0.1624,0.79
6815791,0.0861,0.4684,0.4455
6815792,0.0971,0.3728,0.5301
6815793,0.0503,0.3472,0.6025
6815795,0.0302,0.1898,0.78
6815799,0.0233,0.1927,0.784
6815800,0.0459,0.1349,0.8191
6815807,0.0452,0.2114,0.7435
6815812,0.0461,0.2174,0.7365
6815815,0.102,0.2735,0.6245
6815823,0.0548,0.3431,0.6021
6815829,0.1833,0.3692,0.4476
6815833,0.0486,0.146,0.8054
6815834,0.2244,0.437,0.3386
6815839,0.0434,0.1393,0.8172
6815841,0.0615,0.3429,0.5955
6815846,0.085,0.3274,0.5876
6815853,0.0492,0.2634,0.6873
6815856,0.0748,0.3309,0.5944
6815857,0.0493,0.2356,0.7151
6815860,0.0524,0.207,0.7406
6815886,0.096,0.2894,0.6147
6815891,0.0571,0.4623,0.4806
6815904,0.1098,0.3963,0.4939
6815921,0.0405,0.2202,0.7393
6815925,0.186,0.4327,0.3813
6815930,0.1696,0.4081,0.4222
6815932,0.0867,0.353,0.5603
6815935,0.1106,0.3382,0.5513
6815945,0.0699,0.4002,0.5299
6815949,0.1272,0.3131,0.5598
6815958,0.0704,0.3001,0.6295
6815960,0.0656,0.2938,0.6406
6815963,0.1875,0.3399,0.4726
6815973,0.1079,0.32,0.572
6815978,0.1629,0.3871,0.45
6815982,0.0673,0.2602,0.6725
6815984,0.0789,0.3298,0.5913
6815992,0.0747,0.3878,0.5375
6816001,0.1684,0.4482,0.3834
6816003,0.1186,0.4385,0.4429
6816009,0.0834,0.391,0.5255
6816012,0.1793,0.3872,0.4335
6816017,0.0628,0.2881,0.6492
6816018,0.053,0.3031,0.6439
6816020,0.0332,0.1699,0.7969
6816036,0.1578,0.2786,0.5635
6816047,0.0754,0.3815,0.5431
6816052,0.0549,0.2911,0.654
6816056,0.0349,0.265,0.7001
6816060,0.0754,0.2326,0.692
6816063,0.0147,0.1565,0.8288
6816064,0.28,0.4173,0.3027
6816067,0.1115,0.3327,0.5558
6816068,0.109,0.3385,0.5526
6816084,0.2388,0.4676,0.2936
6816085,0.2123,0.4462,0.3414
6816087,0.0986,0.2981,0.6033
6816088,0.2727,0.2806,0.4466
6816098,0.035,0.3048,0.6603
6816099,0.0671,0.132,0.8009
6816101,0.1167,0.3616,0.5217
6816103,0.0816,0.4757,0.4426
6816104,0.1033,0.3702,0.5265
6816113,0.068,0.3242,0.6077
6816115,0.2088,0.4693,0.3218
6816116,0.1163,0.3474,0.5363
6816124,0.0409,0.2145,0.7446
6816127,0.0635,0.239,0.6975
6816129,0.1228,0.3599,0.5172
6816133,0.0887,0.3823,0.529
6816137,0.0683,0.3418,0.59
6816140,0.1344,0.3033,0.5623
6816141,0.0196,0.1548,0.8256
6816146,0.0311,0.2169,0.752
6816147,0.0604,0.2035,0.7361
6816158,0.0539,0.261,0.6851
6816160,0.1121,0.4003,0.4876
6816163,0.0938,0.3081,0.5981
6816164,0.0512,0.2449,0.7039
6816165,0.0777,0.3724,0.5499
6816166,0.1233,0.5104,0.3663
6816167,0.0552,0.1925,0.7523
6816169,0.128,0.3593,0.5127
6816173,0.0254,0.1386,0.8359
6816178,0.0789,0.2968,0.6242
6816181,0.3188,0.4061,0.275
6816184,0.0314,0.2749,0.6937
6816191,0.1144,0.437,0.4486
6816198,0.0675,0.2883,0.6442
6816205,0.0607,0.3383,0.601
6816210,0.0354,0.1542,0.8103
6816220,0.0915,0.348,0.5606
6816222,0.0575,0.4174,0.5251
6816228,0.0582,0.3734,0.5684
6816230,0.188,0.3502,0.4618
6816237,0.1395,0.326,0.5346
6816249,0.0376,0.2259,0.7365
6816254,0.2502,0.4406,0.3093
6816260,0.0982,0.3844,0.5174
6816263,0.1657,0.4852,0.349
6816270,0.1417,0.3637,0.4946
6816272,0.0841,0.3351,0.5808
6816273,0.1304,0.3041,0.5654
6816274,0.0626,0.3573,0.5801
6816278,0.2055,0.2539,0.5406
6816282,0.1066,0.2198,0.6736
6816284,0.0557,0.335,0.6092
6816285,0.0341,0.2295,0.7364
6816286,0.0579,0.2509,0.6912
6816288,0.041,0.1703,0.7888
6816294,0.2393,0.4204,0.3403
6816295,0.0589,0.3301,0.611
6816298,0.0525,0.3398,0.6077
6816300,0.1018,0.3781,0.5201
6816301,0.0718,0.3838,0.5444
6816302,0.0085,0.0982,0.8933
6816305,0.0966,0.3359,0.5675
6816308,0.0408,0.356,0.6032
6816313,0.1857,0.3787,0.4356
6816314,0.1467,0.4124,0.4409
6816315,0.0598,0.2738,0.6664
6816328,0.0665,0.4548,0.4788
6816329,0.0458,0.2849,0.6693
6816333,0.2021,0.4478,0.3501
6816340,0.2807,0.4157,0.3036
6816348,0.1029,0.4525,0.4446
6816360,0.0955,0.4192,0.4853
6816364,0.0257,0.1378,0.8365
6816368,0.0292,0.1387,0.8321
6816381,0.1367,0.4597,0.4036
6816382,0.0877,0.2583,0.6539
6816403,0.0231,0.2099,0.767
6816404,0.0393,0.2364,0.7242
6816411,0.0794,0.3144,0.6062
6816416,0.1265,0.1907,0.6828
6816417,0.0502,0.2614,0.6884
6816422,0.1305,0.4298,0.4397
6816424,0.1332,0.4146,0.4522
6816432,0.0446,0.3371,0.6183
6816437,0.1163,0.3619,0.5218
6816442,0.2415,0.3859,0.3726
6816450,0.0671,0.3246,0.6083
6816458,0.0529,0.2905,0.6565
6816462,0.0954,0.2833,0.6213
6816477,0.0551,0.389,0.5559
6816478,0.1558,0.3485,0.4957
6816480,0.0287,0.1522,0.819
6816490,0.0494,0.3912,0.5594
6816492,0.0639,0.2885,0.6476
6816495,0.255,0.4219,0.3231
6816497,0.0759,0.2854,0.6387
6816499,0.0234,0.2689,0.7077
6816503,0.0585,0.3587,0.5829
6816505,0.058,0.2836,0.6584
6816508,0.1337,0.3704,0.4959
6816510,0.1593,0.3771,0.4636
6816513,0.0822,0.2912,0.6266
6816515,0.1187,0.3308,0.5505
6816519,0.073,0.3403,0.5867
6816520,0.223,0.4381,0.3389
6816522,0.1257,0.4079,0.4664
6816524,0.1173,0.418,0.4646
6816529,0.0342,0.2779,0.6879
6816531,0.0317,0.1532,0.8151
6816532,0.1614,0.402,0.4366
6816534,0.0793,0.3631,0.5576
6816535,0.0461,0.3059,0.648
6816546,0.0908,0.3487,0.5605
6816547,0.032,0.1693,0.7987
6816549,0.141,0.3843,0.4747
6816550,0.0211,0.1194,0.8594
6816555,0.0266,0.1129,0.8604
6816557,0.2031,0.3997,0.3971
6816566,0.1025,0.4436,0.4539
6816568,0.0625,0.2767,0.6608
6816569,0.0425,0.2044,0.7531
6816579,0.1821,0.4287,0.3892
6816588,0.0609,0.4361,0.503
6816590,0.0667,0.3283,0.605
6816595,0.095,0.4252,0.4798
6816599,0.0593,0.2073,0.7334
6816601,0.0556,0.268,0.6764
6816602,0.198,0.4003,0.4017
6816604,0.0402,0.269,0.6908
6816608,0.0738,0.3027,0.6235
6816615,0.0242,0.2844,0.6914
6816618,0.0677,0.2968,0.6355
6816620,0.0699,0.1095,0.8206
6816623,0.1356,0.3495,0.515
6816624,0.0301,0.1056,0.8643
6816626,0.2023,0.3917,0.406
6816630,0.0557,0.2593,0.685
6816632,0.1829,0.4277,0.3894
6816646,0.1438,0.3571,0.4992
6816648,0.0708,0.3902,0.539
6816659,0.1214,0.4214,0.4572
6816663,0.1998,0.4072,0.393
6816669,0.1048,0.2925,0.6026
6816674,0.1156,0.4514,0.433
6816678,0.1101,0.4884,0.4016
6816679,0.0928,0.4831,0.4241
6816684,0.1978,0.3776,0.4246
6816691,0.1123,0.4016,0.4861
6816703,0.0235,0.1505,0.826
6816705,0.0703,0.2893,0.6404
6816710,0.0677,0.3107,0.6216
6816712,0.0634,0.252,0.6846
6816713,0.0931,0.2397,0.6672
6816716,0.1092,0.361,0.5298
6816719,0.1034,0.3666,0.53
6816725,0.121,0.4737,0.4054
6816731,0.128,0.3472,0.5248
6816733,0.082,0.5228,0.3952
6816736,0.2618,0.4236,0.3146
6816740,0.0861,0.4173,0.4966
6816741,0.1019,0.3449,0.5532
6816742,0.0405,0.2858,0.6737
6816747,0.0539,0.2104,0.7357
6816755,0.072,0.3728,0.5552
6816757,0.1288,0.4166,0.4546
6816766,0.0249,0.2754,0.6997
6816769,0.1628,0.4234,0.4138
6816784,0.0412,0.3106,0.6482
6816791,0.014,0.103,0.883
6816805,0.027,0.2352,0.7379
6816814,0.1269,0.4345,0.4387
6816816,0.0319,0.1802,0.7879
6816817,0.0921,0.3892,0.5188
6816819,0.0125,0.1083,0.8791
6816821,0.1427,0.3706,0.4868
6816831,0.0477,0.2194,0.7329
6816832,0.0314,0.1786,0.79
6816833,0.2612,0.3353,0.4036
6816842,0.027,0.307,0.666
6816853,0.07,0.4301,0.4999
6816856,0.0301,0.1649,0.805
6816857,0.1009,0.4104,0.4887
6816860,0.0168,0.0737,0.9095
6816864,0.0893,0.2569,0.6538
6816866,0.1441,0.4202,0.4357
6816867,0.2018,0.358,0.4401
6816876,0.0187,0.1799,0.8014
6816881,0.0604,0.2981,0.6415
6816894,0.0465,0.2326,0.7208
6816895,0.1448,0.48,0.3752
6816910,0.1768,0.3961,0.4271
6816912,0.0727,0.2443,0.683
6816915,0.1469,0.3342,0.5189
6816916,0.0754,0.3111,0.6134
6816920,0.1053,0.3055,0.5892
6816922,0.1572,0.3367,0.5061
6816933,0.0834,0.2614,0.6553
6816935,0.1377,0.298,0.5643
6816943,0.1063,0.3115,0.5821
6816953,0.1149,0.2915,0.5936
6816955,0.0413,0.2,0.7587
6816973,0.0524,0.2478,0.6998
6816977,0.0204,0.1172,0.8624
6816979,0.0789,0.2893,0.6318
6816989,0.0395,0.1487,0.8118
6817003,0.1137,0.3298,0.5564
6817004,0.0423,0.2527,0.705
6817023,0.2673,0.2876,0.445
6817034,0.2124,0.3454,0.4423
6817035,0.049,0.3652,0.5858
6817036,0.075,0.3347,0.5904
6817041,0.1081,0.3394,0.5525
6817049,0.0811,0.3726,0.5463
6817050,0.0523,0.1815,0.7662
6817061,0.0158,0.1123,0.8719
6817065,0.1446,0.27,0.5855
6817080,0.018,0.124,0.858
6817081,0.1144,0.4369,0.4487
6817082,0.1698,0.3181,0.5121
6817090,0.1111,0.3532,0.5357
6817095,0.0329,0.1459,0.8212
6817098,0.1305,0.3391,0.5304
6817106,0.0198,0.1078,0.8724
6817126,0.0094,0.0759,0.9147
6817136,0.2169,0.3825,0.4006
6817137,0.3964,0.2607,0.3429
6817141,0.1132,0.3946,0.4922
6817161,0.1258,0.3982,0.476
6817170,0.2459,0.3715,0.3826
6817176,0.0494,0.2184,0.7322
6817177,0.0227,0.1798,0.7975
6817178,0.1882,0.2981,0.5137
6817179,0.0774,0.3537,0.5688
6817180,0.0324,0.2068,0.7608
6817181,0.1811,0.4802,0.3387
6817185,0.1931,0.331,0.476
6817194,0.2452,0.3412,0.4136
6817201,0.037,0.188,0.775
6817203,0.1882,0.3547,0.4571
6817211,0.0501,0.2739,0.676
6817235,0.337,0.3364,0.3266
6817238,0.4266,0.2864,0.287
6817243,0.2389,0.3306,0.4305
6817244,0.0822,0.2872,0.6306
6817245,0.2657,0.3592,0.3751
6817246,0.1303,0.23,0.6397
6817247,0.2748,0.3555,0.3697
6817249,0.1822,0.3137,0.5041
6817251,0.2149,0.3811,0.404
6817258,0.0359,0.2535,0.7106
6817261,0.0364,0.21,0.7536
6817264,0.009,0.069,0.922
6817289,0.0684,0.1477,0.7839
6817292,0.0307,0.1955,0.7738
6817315,0.0516,0.1662,0.7823
6817323,0.0296,0.1642,0.8061
6817324,0.076,0.2468,0.6773
6817336,0.0121,0.1137,0.8742
6817349,0.1634,0.2608,0.5758
6817366,0.1013,0.2209,0.6778
6817376,0.1782,0.1846,0.6372
6817377,0.0426,0.212,0.7454
6817389,0.3251,0.3704,0.3044
6817393,0.0935,0.2869,0.6196
6817398,0.1547,0.3692,0.4762
6817407,0.0294,0.1858,0.7848
6817416,0.087,0.1669,0.746
6817417,0.0476,0.206,0.7464
6817420,0.0372,0.1391,0.8237
6817435,0.0176,0.0738,0.9086
6817441,0.0224,0.1437,0.8339
6817445,0.0173,0.1513,0.8314
6817463,0.02,0.0817,0.8983
6817465,0.0404,0.217,0.7426
6817473,0.0298,0.188,0.7822
6817477,0.0223,0.1124,0.8654
6817482,0.0206,0.0771,0.9023
6817484,0.0163,0.0651,0.9186
6817490,0.0833,0.3059,0.6108
6817502,0.0301,0.1571,0.8128
6817509,0.0368,0.1319,0.8313
6817510,0.0533,0.2214,0.7252
6817511,0.0973,0.2449,0.6579
6817514,0.0264,0.1647,0.8089
6817517,0.0652,0.2201,0.7147
6817519,0.0469,0.2008,0.7522
6817531,0.0195,0.0944,0.8861
6817532,0.013,0.0729,0.9141
6817533,0.0377,0.1543,0.8079
6817534,0.0181,0.1154,0.8664
6817537,0.0209,0.143,0.8361
6817538,0.0179,0.0821,0.8999
6817540,0.0156,0.1187,0.8657
6817545,0.0339,0.1139,0.8522
6817547,0.0233,0.1292,0.8476
6817554,0.0572,0.1128,0.83
6817578,0.1006,0.2378,0.6616
6817580,0.0294,0.0938,0.8768
6817583,0.0193,0.0739,0.9068
6817589,0.1661,0.2036,0.6303
6817595,0.0203,0.1267,0.853
6817600,0.0317,0.156,0.8123
6817603,0.2073,0.2987,0.494
6817626,0.0199,0.0799,0.9003
6817627,0.1477,0.302,0.5504
6817628,0.2529,0.2837,0.4634
6817641,0.1153,0.2845,0.6002
6817647,0.0413,0.1115,0.8473
6817654,0.0151,0.067,0.9179
6817657,0.0453,0.1507,0.804
6817671,0.0123,0.0554,0.9323
6817682,0.038,0.1105,0.8516
6817688,0.0335,0.0887,0.8778
6817696,0.0355,0.1636,0.8009
6817698,0.0231,0.1696,0.8073
6817701,0.0169,0.1097,0.8734
6817712,0.0414,0.0734,0.8852
6817717,0.01,0.0961,0.8939
6817727,0.012,0.0557,0.9323
6817737,0.0467,0.1114,0.8418
6817742,0.1237,0.1865,0.6898
6817746,0.0196,0.0925,0.8879
6817748,0.0215,0.1154,0.8631
6817751,0.0781,0.2219,0.6999
6817752,0.0678,0.1703,0.7619
6817762,0.0435,0.1787,0.7778
6817772,0.014,0.0697,0.9163
6817781,0.0419,0.1602,0.7979
6817792,0.2339,0.1882,0.5779
6817803,0.0228,0.1002,0.8769
6817805,0.0373,0.1887,0.7739
6817817,0.0163,0.1503,0.8334
6817840,0.0211,0.1322,0.8467
6817844,0.0843,0.13,0.7858
6817847,0.0087,0.0705,0.9209
6817859,0.1454,0.2082,0.6464
6817862,0.0652,0.2201,0.7147
6817872,0.0121,0.0548,0.9331
6817877,0.0358,0.1462,0.818
6817882,0.0572,0.1745,0.7683
6817883,0.0438,0.1724,0.7837
6817884,0.0111,0.1046,0.8842
6817891,0.0861,0.1352,0.7787
6817893,0.1161,0.3437,0.5403
6817894,0.0646,0.247,0.6884
6817898,0.1209,0.4001,0.479
6817903,0.065,0.1631,0.7719
6817908,0.0136,0.0785,0.9079
6817929,0.0342,0.1711,0.7947
6817934,0.3033,0.2738,0.4228
6817935,0.1131,0.2058,0.6811
6817943,0.0159,0.1184,0.8657
6817947,0.0676,0.2615,0.6708
6817959,0.1076,0.298,0.5944
6817965,0.143,0.315,0.542
6817981,0.1196,0.2795,0.601
6817984,0.0317,0.1133,0.855
6817985,0.0331,0.1476,0.8193
6817988,0.1874,0.3062,0.5063
6818003,0.0097,0.0839,0.9065
6818005,0.0252,0.1534,0.8214
6818007,0.0192,0.0948,0.886
6818012,0.0134,0.1492,0.8374
6818014,0.0078,0.0611,0.9311
6818020,0.0237,0.0711,0.9053
6818024,0.0205,0.1349,0.8447
6818030,0.0227,0.1139,0.8634
6818035,0.0083,0.0602,0.9315
6818046,0.0392,0.1469,0.814
6818049,0.024,0.1321,0.8439
6818056,0.0264,0.1427,0.8309
6818065,0.0198,0.0881,0.8921
6818074,0.0252,0.1475,0.8273
6818076,0.049,0.2807,0.6703
6818077,0.0273,0.1603,0.8123
6818084,0.022,0.1579,0.8201
6818094,0.0232,0.1824,0.7943
6818099,0.0151,0.1598,0.8251
6818100,0.1822,0.2872,0.5306
6818111,0.0217,0.1873,0.7909
6818117,0.0109,0.0738,0.9153
6818135,0.1307,0.3995,0.4698
6818141,0.1395,0.3835,0.477
6818157,0.0645,0.2667,0.6689
6818172,0.0822,0.2407,0.6771
6818182,0.172,0.2487,0.5793
6818194,0.0646,0.3394,0.596
6818201,0.0334,0.1768,0.7898
6818204,0.1661,0.2844,0.5495
6818211,0.1132,0.2632,0.6236
6818213,0.0143,0.1556,0.8301
6818221,0.0902,0.2973,0.6125
6818227,0.0564,0.3202,0.6233
6818228,0.0901,0.3778,0.5321
6818233,0.0632,0.3019,0.6349
6818242,0.0209,0.1373,0.8418
6818245,0.0185,0.1176,0.8639
6818250,0.0627,0.3611,0.5762
6818252,0.0291,0.1698,0.8011
6818265,0.151,0.404,0.445
6818270,0.1304,0.2789,0.5907
6818271,0.0834,0.2882,0.6284
6818273,0.1368,0.4378,0.4254
6818274,0.2784,0.3734,0.3482
6818278,0.1112,0.1713,0.7175
6818299,0.0219,0.1592,0.8189
6818300,0.0563,0.1748,0.7689
6818316,0.1129,0.3887,0.4984
6818318,0.0545,0.2218,0.7237
6818319,0.0605,0.2404,0.6991
6818322,0.1321,0.3649,0.503
6818334,0.0587,0.2048,0.7365
6818339,0.0164,0.1605,0.8231
6818353,0.1141,0.2523,0.6337
6818354,0.0581,0.1735,0.7684
6818372,0.0826,0.268,0.6494
6818373,0.1274,0.3748,0.4978
6818376,0.05,0.135,0.815
6818377,0.3542,0.3302,0.3156
6818381,0.0266,0.2825,0.6909
6818384,0.0459,0.1299,0.8242
6818393,0.0847,0.2501,0.6653
6818397,0.0237,0.2107,0.7656
6818398,0.0221,0.2322,0.7457
6818404,0.0559,0.2661,0.6779
6818410,0.061,0.2632,0.6758
6818411,0.0282,0.1427,0.8291
6818415,0.0834,0.2379,0.6787
6818423,0.0928,0.3732,0.534
6818424,0.103,0.4131,0.4839
6818429,0.0457,0.2115,0.7427
6818443,0.0103,0.0906,0.899
6818448,0.0575,0.1541,0.7884
6818453,0.0944,0.3082,0.5974
6818455,0.473,0.3039,0.2231
6818457,0.0332,0.3017,0.6652
6818463,0.0791,0.2685,0.6524
6818468,0.0656,0.2648,0.6696
6818469,0.1087,0.3115,0.5798
6818470,0.0504,0.2687,0.6809
6818472,0.0301,0.2264,0.7435
6818474,0.0367,0.2836,0.6798
6818479,0.0471,0.2501,0.7028
6818484,0.3732,0.4007,0.2261
6818486,0.0383,0.2295,0.7322
6818489,0.157,0.3759,0.4671
6818490,0.0432,0.2532,0.7035
6818492,0.1017,0.2562,0.6421
6818496,0.0908,0.334,0.5753
6818509,0.0132,0.1505,0.8363
6818521,0.0485,0.183,0.7685
6818527,0.2155,0.3725,0.4119
6818534,0.0658,0.2878,0.6463
6818536,0.1351,0.3912,0.4737
6818539,0.0713,0.2462,0.6825
6818541,0.1488,0.2451,0.6061
6818552,0.1416,0.454,0.4044
6818575,0.0942,0.3522,0.5536
6818576,0.1927,0.2775,0.5298
6818595,0.0544,0.2277,0.7179
6818619,0.0236,0.1527,0.8238
6818620,0.0343,0.1818,0.7839
6818621,0.014,0.1523,0.8337
6818626,0.0469,0.2186,0.7345
6818634,0.0397,0.1777,0.7825
6818640,0.0277,0.1409,0.8314
6818645,0.3115,0.3423,0.3462
6818659,0.022,0.1707,0.8073
6818660,0.2393,0.3943,0.3663
6818664,0.0823,0.2918,0.6259
6818665,0.0863,0.2634,0.6503
6818666,0.0175,0.177,0.8055
6818668,0.0581,0.2429,0.699
6818672,0.1218,0.3739,0.5044
6818674,0.1084,0.3125,0.5791
6818681,0.1279,0.3212,0.5509
6818694,0.0534,0.3567,0.5899
6818701,0.0359,0.2107,0.7534
6818702,0.0449,0.2636,0.6915
6818703,0.0376,0.3241,0.6384
6818705,0.0271,0.2186,0.7543
6818712,0.0242,0.1672,0.8087
6818713,0.0914,0.3015,0.6071
6818715,0.029,0.2235,0.7475
6818718,0.0233,0.1696,0.8071
6818733,0.2388,0.3403,0.4209
6818740,0.1573,0.3863,0.4564
6818745,0.1374,0.3623,0.5002
6818749,0.0823,0.4463,0.4713
6818751,0.1098,0.3301,0.5601
6818754,0.0807,0.2707,0.6486
6818757,0.019,0.1266,0.8544
6818763,0.024,0.1141,0.8619
6818765,0.0242,0.151,0.8247
6818777,0.0176,0.1245,0.858
6818780,0.0261,0.199,0.775
6818781,0.1172,0.2598,0.6231
6818785,0.057,0.2894,0.6537
6818786,0.038,0.1041,0.8579
6818787,0.044,0.2355,0.7205
6818803,0.0161,0.101,0.883
6818807,0.1192,0.3307,0.5501
6818809,0.0471,0.25,0.703
6818810,0.057,0.2862,0.6568
6818811,0.1181,0.324,0.5579
6818819,0.0565,0.2805,0.663
6818826,0.0991,0.3581,0.5428
6818829,0.1097,0.2571,0.6332
6818830,0.06,0.3429,0.5972
6818832,0.1392,0.398,0.4629
6818845,0.0184,0.1616,0.82
6818848,0.0406,0.2057,0.7537
6818866,0.1463,0.3097,0.544
6818877,0.0448,0.1727,0.7825
6818880,0.2341,0.4008,0.3651
6818885,0.0557,0.1685,0.7758
6818890,0.0509,0.2286,0.7205
6818896,0.0647,0.256,0.6793
6818901,0.0452,0.2642,0.6905
6818905,0.0946,0.1837,0.7216
6818908,0.0799,0.2687,0.6514
6818911,0.0223,0.1524,0.8253
6818912,0.06,0.2249,0.7151
6818915,0.0422,0.2203,0.7374
6818919,0.0214,0.1626,0.816
6818930,0.1657,0.2918,0.5425
6818933,0.1519,0.3288,0.5194
6818934,0.0264,0.1621,0.8115
6818940,0.0554,0.3292,0.6155
6818976,0.3345,0.2746,0.3909
6818980,0.037,0.2562,0.7068
6818991,0.0689,0.2478,0.6833
6818992,0.0772,0.4,0.5228
6818999,0.0272,0.2102,0.7625
6819013,0.0445,0.1805,0.775
6819014,0.1526,0.4508,0.3966
6819027,0.0266,0.2024,0.771
6819042,0.1691,0.3386,0.4923
6819047,0.0183,0.1098,0.8719
6819054,0.1015,0.2785,0.62
6819059,0.0741,0.2462,0.6797
6819064,0.0499,0.2346,0.7155
6819068,0.1235,0.3942,0.4823
6819074,0.1282,0.2104,0.6614
6819108,0.1715,0.3919,0.4366
6819115,0.0895,0.2873,0.6232
6819118,0.1704,0.3514,0.4782
6819119,0.0461,0.2677,0.6862
6819127,0.0703,0.3392,0.5905
6819133,0.2869,0.3756,0.3374
6819134,0.1782,0.3733,0.4485
6819138,0.3733,0.3583,0.2683
6819139,0.0297,0.1733,0.7971
6819144,0.0532,0.2599,0.6869
6819145,0.0673,0.2965,0.6363
6819148,0.0335,0.1726,0.7939
6819149,0.0233,0.2537,0.7229
6819175,0.0497,0.2214,0.7289
6819178,0.0558,0.2793,0.6648
6819181,0.0994,0.2752,0.6254
6819183,0.0183,0.2646,0.7171
6819210,0.0659,0.3275,0.6066
6819211,0.0749,0.2932,0.6319
6819216,0.3551,0.2604,0.3845
6819229,0.1756,0.3421,0.4823
6819235,0.0259,0.1267,0.8474
6819243,0.1101,0.2772,0.6127
6819252,0.3711,0.3254,0.3035
6819264,0.0673,0.2084,0.7243
6819277,0.2256,0.2707,0.5038
6819280,0.1587,0.2521,0.5892
6819282,0.0556,0.2872,0.6572
6819286,0.0747,0.2908,0.6345
6819290,0.0144,0.1167,0.8688
6819291,0.0304,0.224,0.7456
6819298,0.073,0.2196,0.7073
6819300,0.0249,0.1122,0.8629
6819310,0.1138,0.3326,0.5536
6819316,0.1027,0.2979,0.5994
6819317,0.0338,0.2404,0.7258
6819321,0.0359,0.2282,0.7359
6819322,0.1804,0.256,0.5636
6819323,0.0834,0.2866,0.63
6819324,0.1746,0.3026,0.5228
6819330,0.1261,0.2403,0.6336
6819331,0.0753,0.2129,0.7118
6819334,0.0267,0.2141,0.7591
6819338,0.0315,0.1953,0.7731
6819339,0.0341,0.222,0.7439
6819340,0.0438,0.1316,0.8246
6819352,0.083,0.2563,0.6607
6819353,0.0575,0.2725,0.67
6819358,0.0142,0.1162,0.8695
6819364,0.065,0.2014,0.7336
6819373,0.0439,0.2542,0.7019
6819389,0.015,0.1239,0.8611
6819390,0.0384,0.2091,0.7525
6819402,0.0218,0.1687,0.8095
6819405,0.0772,0.3391,0.5836
6819408,0.0722,0.2573,0.6705
6819411,0.0693,0.2285,0.7022
6819413,0.0226,0.1195,0.8579
6819416,0.2065,0.3745,0.419
6819429,0.0697,0.1812,0.7491
6819459,0.0171,0.1365,0.8464
6819465,0.0401,0.115,0.8449
6819469,0.0221,0.1407,0.8372
6819472,0.2106,0.3368,0.4527
6819476,0.1677,0.4212,0.4111
6819481,0.4638,0.2945,0.2417
6819483,0.1022,0.2028,0.695
6819491,0.134,0.3447,0.5213
6819494,0.0331,0.2097,0.7572
6819497,0.1688,0.2999,0.5313
