listing_id,high,medium,low
7142618,0.150027012716,0.39249010055,0.457482886734
7210040,0.00487377328841,0.134828118613,0.860298108098
7103890,0.205252917414,0.46070965126,0.334037431326
7143442,0.347199555754,0.474567459742,0.178232984504
6860601,0.0476308119935,0.374302061844,0.578067126163
6840081,0.00137730325564,0.08717960071,0.911443096034
6922337,0.0153202120704,0.247815506621,0.736864281308
6913616,0.130536305355,0.388207467858,0.481256226787
6937820,0.0336999966359,0.285910300744,0.68038970262
6893933,0.278151292747,0.394234132761,0.327614574493
6832604,0.00170551771984,0.058651991984,0.939642490296
6915282,0.00581692367741,0.150196051366,0.843987024957
7127565,0.0862383270451,0.335618963029,0.578142709926
6827899,0.0220534378611,0.231772010831,0.746174551308
6934855,0.00370995928778,0.0699809738696,0.926309066843
6861826,0.0222491921753,0.249029606686,0.728721201139
6871643,0.00358623039944,0.11300434373,0.88340942587
6842542,0.0144917208202,0.218102920984,0.767405358196
6934145,0.0181828642716,0.259397867283,0.722419268445
6829365,0.0281244403479,0.342343224194,0.629532335458
7167858,0.0385504858148,0.241934238054,0.719515276132
6859483,0.00579212032507,0.148988329697,0.845219549978
6861377,0.00426909994996,0.112398529935,0.883332370115
6848960,0.0666371024734,0.398180193386,0.53518270414
6918850,0.00503299368784,0.12448253529,0.870484471022
6916867,0.235920918805,0.380635117819,0.383443963377
6895840,0.0244543913875,0.257638418278,0.717907190335
6813539,0.0146293511152,0.197733600151,0.787637048734
7116900,0.516058293502,0.442290212319,0.0416514941795
6890328,0.00994708432129,0.17302699726,0.817025918418
6879406,0.292903950302,0.476292467576,0.230803582122
6824924,0.0602767429867,0.356654019379,0.583069237634
6911302,0.0136675080458,0.211840554928,0.774491937026
6918742,0.0177976035048,0.336637618746,0.645564777749
6910586,0.0102465107326,0.175580032507,0.81417345676
6821750,0.0413959851263,0.296164306108,0.662439708765
6860647,0.227362105142,0.451982493903,0.320655400954
6932873,0.0432914633452,0.461133348841,0.495575187814
6846053,0.0100400880909,0.163088410232,0.826871501677
6940365,0.188801820491,0.407309419157,0.403888760352
6931867,0.184190061008,0.406419672226,0.409390266766
6876383,0.00960682004614,0.188690555981,0.801702623973
6910980,0.0191894965527,0.187421595823,0.793388907624
6880877,0.00236336733185,0.119082783394,0.878553849274
6839552,0.392701740804,0.421820169262,0.185478089934
6838051,0.00741530865043,0.151943594838,0.840641096511
6928201,0.19628755697,0.438059604048,0.365652838981
6945608,0.0216020161096,0.412785664628,0.565612319263
6816147,0.00279844364836,0.106597279629,0.890604276722
6868129,0.0104348016482,0.199858302225,0.789706896126
6849448,0.0189826323219,0.233239843626,0.747777524052
7113677,0.243098982763,0.473607218317,0.28329379892
6930856,0.0444237447307,0.279045704689,0.676530550581
6889594,0.0448889827934,0.373923132083,0.581187885123
6842682,0.0312486414908,0.289028891448,0.679722467062
6880366,0.521370227766,0.39941489452,0.0792148777136
6835063,0.00196417863747,0.046740230395,0.951295590967
6820479,0.12394387402,0.389010241957,0.487045884023
6882057,0.223732953109,0.450301042819,0.325966004072
6834440,0.0152954264259,0.322183531662,0.662521041912
6880846,0.00505751527422,0.076781565791,0.918160918935
6847248,0.00268486534365,0.0925073693014,0.904807765355
6868368,0.0042828910399,0.109404407762,0.886312701198
6943505,0.0033258557423,0.130239524676,0.866434619582
7174304,0.00746294094429,0.142387380256,0.850149678799
6880747,0.0469859719175,0.348363576826,0.604650451256
6933565,0.105476798427,0.407666341045,0.486856860528
6888511,0.00611593091854,0.073312660873,0.920571408208
6942704,0.235281209919,0.444030233639,0.320688556442
6840304,0.0402538743559,0.336030605603,0.623715520041
6856860,0.0302028918576,0.286685121556,0.683111986586
6884921,0.00202528096225,0.0857240243893,0.912250694648
6937417,0.0449033230216,0.257449816587,0.697646860391
6831129,0.00310039115189,0.0562281092426,0.940671499605
6936660,0.0158405810675,0.24675115358,0.737408265353
6940667,0.00371704227458,0.134232773526,0.862050184199
7201307,0.0338071938222,0.274625963682,0.691566842496
6825434,0.00879134593033,0.235025342007,0.756183312063
6848114,0.0149698895273,0.222182997343,0.76284711313
6947758,0.519735389678,0.404275266051,0.0759893442708
6897002,0.0142313823558,0.211069675994,0.77469894165
6926661,0.00210445543928,0.0814212303791,0.916474314182
6867411,0.0230251423513,0.250331983419,0.726642874229
6910154,0.0163006124138,0.265628305297,0.718071082289
7157900,0.00207628840077,0.107244109531,0.890679602068
6922324,0.025619661386,0.394341768007,0.580038570607
6863068,0.0632862216009,0.313002486515,0.623711291884
6912109,0.0035228439203,0.118447369127,0.878029786953
6918609,0.307368678565,0.457710341697,0.234920979738
6889300,0.105323732519,0.380219131795,0.514457135687
6837794,0.0363800747701,0.284064908563,0.679555016667
6943098,0.113007351644,0.331559507575,0.555433140781
6927601,0.0200307544457,0.27378129394,0.706187951615
6897826,0.00208139518789,0.0843183574143,0.913600247398
6882892,0.00183932275641,0.0739840986656,0.924176578578
6873384,0.151175152657,0.549414630903,0.29941021644
6934693,0.0051072448553,0.13174677649,0.863145978654
7224450,0.0295015692274,0.385108510788,0.585389919984
6898157,0.00392980568767,0.081445218443,0.914624975869
6837355,0.0012630863454,0.0713402607311,0.927396652923
6830595,0.00875104645937,0.158729899631,0.83251905391
6943561,0.0313050984287,0.335995500346,0.632699401225
6844380,0.141040893581,0.471363245742,0.387595860676
6814286,0.0114338934945,0.168358176095,0.82020793041
6898520,0.0978978338588,0.503730075216,0.398372090925
6940979,0.0984032710733,0.453478203341,0.448118525585
6851090,0.0164732275248,0.205194289382,0.778332483093
7107169,0.00297322143745,0.103092891841,0.893933886721
6830287,0.0108361775258,0.210519443877,0.778644378597
6933575,0.0935355707033,0.384850344246,0.52161408505
6938972,0.515204992664,0.355525621684,0.129269385652
6888315,0.0187638442347,0.194120318421,0.787115837345
6855106,0.00902800833339,0.1907471641,0.800224827566
6838237,0.306892191789,0.403077989848,0.290029818363
6901024,0.00977020816049,0.192622181927,0.797607609912
6846627,0.00243742896393,0.102519705186,0.89504286585
7219857,0.00237589802733,0.0735353641685,0.924088737804
6852685,0.00948184901075,0.179912306545,0.810605844444
6831610,0.0436816468043,0.357943436937,0.598374916259
6943538,0.0123596344883,0.187296546977,0.800343818535
6911637,0.0175441186985,0.147070729902,0.8353851514
6854543,0.00166249759448,0.0848841688685,0.913453333537
6940451,0.502385578522,0.443142009474,0.0544724120042
6819530,0.245132240749,0.456762568055,0.298105191196
7093396,0.0210290441594,0.204074447115,0.774896508726
6840326,0.00221902099037,0.101662746895,0.896118232114
6834204,0.0102398930035,0.151633247204,0.838126859792
6902518,0.282420027216,0.433511031818,0.284068940967
6930253,0.0656848181226,0.313195084989,0.621120096888
6828293,0.00102446805747,0.0513731460138,0.947602385929
7203744,0.029254343778,0.219291407353,0.751454248869
6816478,0.291950828687,0.473615508239,0.234433663074
6868890,0.268107803481,0.423238407592,0.308653788927
6879338,0.1667076424,0.418391986624,0.414900370976
6898532,0.520295323449,0.44338379715,0.0363208794006
6899965,0.0414196705515,0.35536404507,0.603216284378
7133875,0.00281477849284,0.0864326203399,0.910752601167
6822218,0.0241344586071,0.315024593335,0.660840948058
6814018,0.52483520186,0.428041733683,0.0471230644577
6896376,0.511444616844,0.396881004703,0.0916743784531
6918670,0.00904013096664,0.143352185385,0.847607683649
6867839,0.00165481920652,0.0850543328379,0.913290847956
6823554,0.00081003831067,0.0580293089773,0.941160652712
6934798,0.00843710983669,0.168340347063,0.823222543101
6820823,0.0519455828588,0.295991264277,0.652063152864
6880212,0.00438199488857,0.0970197556636,0.898598249448
6934814,0.0022586115204,0.102297931398,0.895443457082
7254134,0.00530197345619,0.113021072138,0.881676954406
6938303,0.297788412653,0.43832055975,0.263891027596
6813807,0.0878015491444,0.363802276611,0.548396174245
6878604,0.0877654902967,0.379689777687,0.532544732016
6876763,0.00576238905713,0.171792551894,0.822445059049
6844352,0.00267148251463,0.107128612821,0.890199904665
6915939,0.0345489594553,0.273749316597,0.691701723947
7109370,0.0146975173361,0.221343736015,0.763958746649
6855445,0.0684411906525,0.380551640393,0.551007168955
6818668,0.0500824662348,0.298487461129,0.651430072636
6836527,0.00126052967853,0.037599412657,0.961140057664
6831717,0.0133610162011,0.205150493361,0.781488490438
6937162,0.460161148078,0.412545623502,0.12729322842
6922876,0.0335271012795,0.166218482792,0.800254415928
7109482,0.0349988337499,0.425929929533,0.539071236717
6940972,0.0805894530953,0.386005519574,0.533405027331
6883790,0.073646793279,0.315677306704,0.610675900017
6921643,0.044185753008,0.299921803683,0.655892443309
6935700,0.00337824824275,0.14478369246,0.851838059297
6827025,0.0394056426151,0.409475098519,0.551119258866
6943096,0.0957018435765,0.420174951718,0.484123204705
7161468,0.00558248361814,0.113632395257,0.880785121125
6879610,0.011219079989,0.282872721614,0.705908198397
6935762,0.0130514294852,0.216501543619,0.770447026896
6925042,0.00509406852045,0.146116203148,0.848789728331
7121050,0.140081518908,0.444066213201,0.41585226789
6821601,0.00928387376861,0.207338939291,0.78337718694
6926810,0.0225669089412,0.239092109013,0.738340982046
6946532,0.0132957703312,0.187714451752,0.798989777917
6875171,0.352055052289,0.441452210925,0.206492736786
7096285,0.0412515849728,0.332744518205,0.626003896822
6812321,0.00342282197064,0.0903828866544,0.906194291375
6822697,0.0924354467233,0.304792185481,0.602772367796
6941294,0.00737447281149,0.222490537069,0.770134990119
6873564,0.000706402659655,0.0418236839598,0.957469913381
6926791,0.019524678696,0.244326897069,0.736148424235
7142444,0.529441641919,0.422773732696,0.0477846253847
6878128,0.0183098154033,0.168263316362,0.813426868234
6927428,0.0235508676292,0.27640921353,0.700039918841
6812674,0.0016346992804,0.0487025604819,0.949662740238
6881774,0.0479856065894,0.386499921551,0.56551447186
7167797,0.00530607255612,0.174194803815,0.820499123629
6865238,0.0949542844832,0.357604388997,0.54744132652
6841710,0.0456861334887,0.265347549556,0.688966316955
6856334,0.00167297086543,0.0675771990975,0.930749830037
6906462,0.0222680081977,0.249730647044,0.728001344758
6837438,0.0459977259651,0.293501707876,0.660500566159
6908277,0.11481435298,0.410066750892,0.475118896129
6841291,0.00447301104988,0.104061110131,0.891465878819
6915178,0.0461976269494,0.431240544055,0.522561828996
6893031,0.184869396193,0.539078895744,0.276051708063
6894985,0.278652107457,0.433919316733,0.28742857581
6931134,0.0848783336215,0.388366975422,0.526754690957
6872264,0.0347687612043,0.430857297088,0.534373941708
6816953,0.059574969275,0.330326075135,0.61009895559
7163518,0.238514724872,0.46803501447,0.293450260659
6893253,0.019518438332,0.274665916528,0.70581564514
6943822,0.00581376034895,0.153709050276,0.840477189375
6946313,0.0258038233236,0.214628803772,0.759567372904
6839443,0.00949565211576,0.179136045599,0.811368302285
6911338,0.00928095312167,0.188211578021,0.802507468857
7223877,0.499364404602,0.392161195435,0.108474399963
6917884,0.0399268860811,0.280302024439,0.67977108948
6823126,0.00195613306277,0.0847215391886,0.913322327749
6939488,0.0224427592721,0.234738074361,0.742819166367
7196924,0.00500162545901,0.134467407558,0.860530966983
6905685,0.00267254831781,0.145800720915,0.851526730767
6894092,0.0179224656475,0.254711973673,0.727365560679
6812181,0.0051646175702,0.125347394245,0.869487988185
6854610,0.0268631067468,0.32320568174,0.649931211513
6873754,0.0571298314524,0.411127430131,0.531742738417
6859181,0.383356757122,0.390882619324,0.225760623554
6825402,0.00291147100232,0.0938197218072,0.903268807191
6819526,0.0200735820213,0.200897934573,0.779028483405
6896065,0.0014903956494,0.0870627395672,0.911446864783
6931793,0.0310177670812,0.317436098251,0.651546134667
6907360,0.00225938805431,0.0859326294026,0.911807982543
6813182,0.0368931299066,0.243227915717,0.719878954377
6823959,0.00673039418413,0.136007202228,0.857262403588
6942189,0.00626609647055,0.131031323416,0.862702580114
6844384,0.15123203058,0.452057492901,0.396710476519
6836888,0.0394949359168,0.304553337429,0.655951726654
6917844,0.0151104884155,0.205360801386,0.779528710198
6937842,0.294882063971,0.483670489211,0.221447446818
6926917,0.0402680183065,0.296752374193,0.6629796075
7160740,0.0444776284706,0.314137480698,0.641384890831
6936310,0.246359466385,0.442835012508,0.310805521107
6849109,0.0495677529392,0.444474240924,0.505958006137
6831018,0.00321240652939,0.0596751364879,0.937112456983
6909842,0.0384334359732,0.305660668576,0.655905895451
6861360,0.0150899194889,0.204990218182,0.779919862329
6883414,0.0137709611544,0.245370041335,0.740858997511
6876026,0.058240470417,0.295855575312,0.645903954271
7095390,0.00098312374097,0.0384262472141,0.960590629045
6932265,0.0742457333963,0.347730942837,0.578023323767
6870949,0.00756431073999,0.201504983389,0.790930705871
6831335,0.0565012574895,0.415862416428,0.527636326083
6895698,0.102566859727,0.387289908825,0.510143231448
6889889,0.0440236687017,0.310603154854,0.645373176445
6876679,0.0306157511794,0.255504103274,0.713880145547
6947097,0.266683084259,0.289521693051,0.443795222691
6874970,0.00167304072159,0.0846188798979,0.91370807938
6831069,0.143989991403,0.364419483401,0.491590525197
6833628,0.00458331880731,0.15740816391,0.838008517282
6819282,0.0896173659474,0.405971887308,0.504410746745
6825025,0.00203797918942,0.118535798182,0.879426222629
6856513,0.0253962314814,0.3091960066,0.665407761918
6928711,0.00186393122839,0.0703078497074,0.927828219064
6832548,0.0527195411037,0.38802237395,0.559258084946
6881870,0.0281402347164,0.254222460321,0.717637304962
6866978,0.273972014044,0.503869691303,0.222158294653
7163400,0.47438830594,0.418494975681,0.107116718379
6917187,0.00791039242064,0.161124011653,0.830965595926
6927475,0.130140998611,0.38200303613,0.487855965259
6903243,0.0842905186617,0.28647827147,0.629231209868
6876188,0.00376522457791,0.141618053451,0.854616721971
6922219,0.0104557153383,0.148117836138,0.841426448524
7104085,0.00501524585144,0.0711097370256,0.923875017123
6920897,0.119431024423,0.43496077595,0.445608199628
6812177,0.00329000263079,0.084548890624,0.912161106745
6941047,0.247517762265,0.503838800992,0.248643436743
6827609,0.0023128439396,0.0708968356075,0.926790320453
6934328,0.00387829511064,0.0868377647925,0.909283940097
6937556,0.171458965541,0.392501264499,0.43603976996
6879765,0.197566764849,0.430798265795,0.371634969356
6942927,0.0030302621343,0.094418123628,0.902551614238
6945170,0.0410201067413,0.262037914725,0.696941978533
6901915,0.0104948267861,0.207761046815,0.781744126399
6824475,0.00690798887912,0.125305116727,0.867786894394
6832968,0.00683031736372,0.161570209729,0.831599472908
7166718,0.00286058169424,0.0612221918829,0.935917226423
6905079,0.00434980234132,0.128631319867,0.867018877792
6940297,0.428408683612,0.421959199347,0.149632117041
6911080,0.0208195606632,0.252980463789,0.726199975548
6917208,0.0054917704593,0.113429076986,0.881079152555
6858925,0.00778637711909,0.182425667488,0.809787955393
7169883,0.443793471417,0.433570022938,0.122636505645
6944112,0.49344799873,0.391536219433,0.115015781837
6885816,0.0477416364777,0.25130314905,0.700955214472
6837733,0.0159571295293,0.187999107256,0.796043763215
6828658,0.0581772513181,0.298249845675,0.643572903007
6839429,0.31095630981,0.432103741443,0.256939948746
7164794,0.0078093799378,0.173287115126,0.818903504936
6837661,0.114924296795,0.357600807919,0.527474895286
6883255,0.0337870940206,0.23343664777,0.73277625821
6833054,0.00732442334268,0.204052470985,0.788623105672
7675463,0.0266587973627,0.311745768062,0.661595434575
6871526,0.0130116450864,0.205203107586,0.781785247327
6876295,0.0401182355013,0.367107904942,0.592773859557
7204045,0.00689580131082,0.143549726127,0.849554472562
6840357,0.0289923470459,0.354096617056,0.616911035899
6917531,0.480741242892,0.344226816758,0.17503194035
6886057,0.424994603813,0.473358174821,0.101647221365
6833734,0.129161300764,0.432449404203,0.438389295033
6908098,0.0107784085761,0.225718766649,0.763502824775
6860562,0.0425142136207,0.304130622898,0.653355163481
6859167,0.376005286172,0.439103004749,0.184891709079
6812141,0.00154804378129,0.0696659675321,0.928785988687
6919431,0.0228284767079,0.268597469864,0.708574053428
6869389,0.063217123964,0.337712020205,0.599070855831
6906034,0.0354822215903,0.288150188854,0.676367589556
7108495,0.0161278589302,0.169392369092,0.814479771978
6864681,0.0303488422861,0.196010772579,0.773640385135
6893982,0.00741671283974,0.173848251962,0.818735035198
6862160,0.0214238841826,0.21968054762,0.758895568197
6854804,0.0505478352698,0.374908047488,0.574544117243
7143164,0.0874817335542,0.40777474215,0.504743524295
6936651,0.0294352345799,0.271199846547,0.699364918873
6837450,0.0235222095278,0.226399869771,0.750077920701
6908259,0.513935761308,0.402528142617,0.0835360960747
6916539,0.00368639092891,0.0922696056596,0.904044003411
6947176,0.0571990523386,0.270218499444,0.672582448218
6933958,0.241430576549,0.376441612728,0.382127810723
6816549,0.222889399114,0.425385894715,0.351724706171
6876117,0.0156493694483,0.209230465971,0.775120164581
6848605,0.0420366584316,0.44459523085,0.513368110719
6840659,0.0417729619466,0.31804601026,0.640181027794
6823496,0.360124777348,0.436799789831,0.203075432821
6912609,0.00260302526241,0.053467707022,0.943929267716
7097937,0.001532913209,0.0764513486393,0.922015738152
6924524,0.00294586473064,0.120053309588,0.877000825681
6938236,0.114917352741,0.428559946128,0.456522701131
6865751,0.00388543673486,0.0800457464432,0.916068816822
6936323,0.00417533542646,0.117164381704,0.878660282869
6868422,0.132155296091,0.466685961823,0.401158742086
7210133,0.0649590851659,0.393234685177,0.541806229657
7215631,0.0334325091632,0.251330694656,0.715236796181
6940189,0.296269722906,0.388931109244,0.31479916785
6888941,0.00190171098584,0.0877755190816,0.910322769933
6831598,0.301745759933,0.451767222382,0.246487017685
6939963,0.00491530202259,0.141126604907,0.85395809307
6897175,0.0217479469448,0.251800261315,0.726451791741
6816167,0.00227340675154,0.0916158785122,0.906110714736
6812965,0.0110533700471,0.215692030619,0.773254599334
7149372,0.518826849999,0.420523218972,0.0606499310294
6875959,0.0057074747847,0.127154804211,0.867137721004
6925644,0.033170695841,0.310932222844,0.655897081315
6874269,0.0524407592703,0.292130664597,0.655428576133
6814721,0.0189532497226,0.279056180179,0.701990570098
6922432,0.028846692416,0.351118427215,0.620034880369
6858861,0.0200051177315,0.279554807035,0.700440075233
6835339,0.00111132011864,0.0370864038495,0.961802276032
6896997,0.010096749432,0.2196044631,0.770298787468
6921134,0.00348914385782,0.0584959176679,0.938014938474
6883685,0.00359217432304,0.163067372409,0.833340453268
6911406,0.0167418705986,0.107375141912,0.875882987489
6825733,0.283072626958,0.47718798912,0.239739383922
6884462,0.105733896153,0.393550286444,0.500715817403
6858682,0.0114392745204,0.2045582139,0.784002511579
6894013,0.0790623341975,0.522809810642,0.398127855161
6856391,0.0421279335247,0.266847948603,0.691024117872
6828064,0.00549696853625,0.139057983423,0.855445048041
6817336,0.000590985135717,0.042542684659,0.956866330205
6819178,0.062569233919,0.337668390552,0.599762375529
7147339,0.0120455784373,0.204602439504,0.783351982058
6887757,0.0736484592073,0.303141913938,0.623209626855
6946859,0.00945306993524,0.17089629108,0.819650638985
6855963,0.00702317754457,0.185486410719,0.807490411737
6839828,0.0935243838727,0.466789190769,0.439686425359
6870806,0.0593707570336,0.492817741772,0.447811501194
6880221,0.356206984078,0.388782899627,0.255010116295
6921809,0.0440989813494,0.307273842465,0.648627176186
6897069,0.262466044087,0.429402521047,0.308131434866
6897157,0.105550009727,0.378935772628,0.515514217646
6898912,0.195690223471,0.458256390406,0.346053386123
6856271,0.0296278996142,0.234018447299,0.736353653087
6888381,0.00289945343616,0.0694529453926,0.927647601171
7099191,0.000915468346115,0.0675645445954,0.931519987059
6917882,0.0553729191028,0.388272003238,0.55635507766
6931260,0.00246746864674,0.0839305514625,0.913601979891
6849996,0.0730867034507,0.440224151169,0.486689145381
6887973,0.0293132808722,0.219680721544,0.751005997584
6850205,0.193290490155,0.483143329482,0.323566180364
6845657,0.507378389258,0.465734538468,0.0268870722747
6930302,0.00840999557783,0.180460318761,0.811129685661
6852391,0.070714863724,0.429098548063,0.500186588213
6920411,0.461257394897,0.404135326837,0.134607278265
6907999,0.00220000645664,0.107032670385,0.890767323158
6864094,0.0140079712616,0.169503669857,0.816488358882
6813852,0.0462179088112,0.310197990745,0.643584100444
7232295,0.257007056611,0.474849704275,0.268143239114
6896558,0.0607475260543,0.396671423455,0.542581050491
6858919,0.0386605055709,0.351411889892,0.609927604537
6847828,0.0204829030214,0.257221061154,0.722296035825
6925116,0.011138501182,0.182813607365,0.806047891453
6854687,0.0222598874436,0.252633902465,0.725106210092
6946415,0.0555672736798,0.353635536594,0.590797189726
6827859,0.00237050318624,0.045070198928,0.952559297886
6884313,0.497438669765,0.415501482222,0.0870598480136
6848651,0.10592076507,0.367293977437,0.526785257493
7136298,0.0136490432876,0.18605548161,0.800295475102
6874534,0.0401354237607,0.222508079975,0.737356496264
6908942,0.0627333047192,0.280292845557,0.656973849724
6894718,0.00289800125058,0.0958746209318,0.901227377818
6876449,0.0495752712058,0.268840276519,0.681584452276
6825630,0.101300046307,0.401746005843,0.49695394785
7155655,0.0115722919705,0.168796873642,0.819630834387
7201310,0.0369702842478,0.302089258994,0.660940456759
6864334,0.0036561832896,0.113966949814,0.882376866896
6876658,0.00697358405387,0.13896328027,0.854063135676
6842370,0.0748084039421,0.307336085354,0.617855510704
6835467,0.520863775947,0.436311633664,0.0428245903891
7227368,0.0593349595078,0.349500760214,0.591164280278
6859482,0.442867129957,0.399451902895,0.157680967148
6878641,0.00437873242982,0.11538517495,0.88023609262
6869916,0.00145080836224,0.0464156495639,0.952133542074
6841060,0.203826594491,0.400235104753,0.395938300757
6887832,0.0673901837747,0.411268828776,0.521340987449
6905898,0.00385440281765,0.0825701526156,0.913575444567
7104742,0.287163950696,0.471108145566,0.241727903737
6948090,0.0253154992034,0.274658608127,0.70002589267
6839851,0.141569309074,0.401608502715,0.456822188211
6934051,0.00129955178458,0.0640630365357,0.93463741168
6888727,0.0516145217219,0.405042088038,0.54334339024
7167478,0.0785384032556,0.375134291644,0.5463273051
6892109,0.337838057347,0.480738018483,0.18142392417
6908544,0.507860091834,0.375342638147,0.116797270019
6921725,0.041070114342,0.282905584607,0.676024301051
6932343,0.0599143609761,0.426074497212,0.514011141812
6914309,0.00302285424897,0.088742981363,0.908234164388
6919805,0.00579786342199,0.152171424736,0.842030711843
6947828,0.054001910033,0.261335760439,0.684662329528
6920362,0.316387431267,0.469929698006,0.213682870727
7110179,0.461355538532,0.404744986843,0.133899474625
6877834,0.00444569125506,0.126149099573,0.869405209172
6876966,0.0262913736486,0.238185557383,0.735523068969
6823918,0.0014852501917,0.0805272501527,0.917987499656
6871243,0.00136207765311,0.0880543519523,0.910583570395
6928189,0.123512065183,0.371226559039,0.505261375778
6852455,0.00475863473134,0.147403157992,0.847838207277
7208631,0.00327022737435,0.15352232092,0.843207451706
6831811,0.0751871525166,0.375065570449,0.549747277034
6904276,0.0033534829714,0.0765525626696,0.920093954359
6831589,0.00229143379976,0.112841547147,0.884867019053
6901814,0.0174979829722,0.174742293249,0.807759723779
6854667,0.30846168381,0.374924804367,0.316613511823
7192650,0.00183855158992,0.0593017169076,0.938859731502
6836299,0.00333029029926,0.0936067311386,0.903062978562
6887919,0.00721438161021,0.170559756994,0.822225861395
6927679,0.0838253375753,0.410780720787,0.505393941637
6855908,0.0766395252692,0.305454813597,0.617905661134
6854766,0.0026235055574,0.0994287845216,0.897947709921
6847472,0.00759269225436,0.166801636796,0.82560567095
6862519,0.186082656732,0.384849007822,0.429068335445
6938819,0.371009812062,0.388378369582,0.240611818356
6945434,0.113473121264,0.398771025697,0.487755853039
6832722,0.536291747751,0.412125928767,0.0515823234822
6852707,0.00618845204403,0.143396504369,0.850415043587
7177680,0.404638578504,0.47314872307,0.122212698427
6834945,0.00245177734828,0.069493138714,0.928055083938
6890316,0.00415453104133,0.158324297634,0.837521171324
6816620,0.031864646888,0.173786546541,0.794348806571
6945175,0.00475320142317,0.117121063409,0.878125735168
6914016,0.00562044886082,0.153260266306,0.841119284833
6852619,0.0224098277176,0.230655620087,0.746934552195
6813211,0.0748742389933,0.392513357974,0.532612403032
6820546,0.0102019336934,0.198308501631,0.791489564676
6836128,0.00841563902525,0.083494881551,0.908089479424
6850557,0.0192039899311,0.219009647482,0.761786362587
6864997,0.434120304141,0.433483540128,0.132396155731
6883705,0.00335049330333,0.0767121921656,0.919937314531
6898767,0.00727240786,0.122969000055,0.869758592085
6866020,0.113101370647,0.363725399986,0.523173229367
7126382,0.463588342033,0.400945286161,0.135466371805
6847427,0.0469464063913,0.362651111441,0.590402482168
6841013,0.0550704638979,0.320272841684,0.624656694418
6909469,0.00468887690732,0.085601205539,0.909709917554
6922473,0.0683318329538,0.363556965549,0.568111201498
6925906,0.463937465361,0.412204997349,0.12385753729
6946014,0.093065000776,0.39422813091,0.512706868314
6820739,0.0814441017274,0.303227760367,0.615328137905
6927559,0.157174979021,0.469636965931,0.373188055048
7174772,0.00238696918948,0.0950870559498,0.902525974861
6931036,0.0259548393941,0.281338810607,0.692706349999
6918163,0.0136681551441,0.28317363588,0.703158208976
6893604,0.180435870892,0.432063481304,0.387500647804
6868844,0.0367333525781,0.367626633048,0.595640014374
6814537,0.0759112593817,0.353651153359,0.570437587259
6916118,0.0288010030959,0.175028029188,0.796170967716
6838509,0.0210440978973,0.322940785211,0.656015116892
6919725,0.13632760386,0.520780029036,0.342892367103
6932476,0.00112661512748,0.0825888282422,0.91628455663
6860496,0.00526084594007,0.164510485267,0.830228668793
7156799,0.0161878942989,0.284708736126,0.699103369575
6837521,0.0678551655297,0.331534030196,0.600610804275
6913204,0.169479075121,0.420820854987,0.409700069893
6947516,0.0132718286473,0.249057481254,0.737670690099
6838117,0.00277111893492,0.094345763273,0.902883117792
6933366,0.0443006364532,0.261128785609,0.694570577938
7134198,0.0126473490036,0.266631723021,0.720720927976
6898450,0.0287097725463,0.2656759897,0.705614237753
6819926,0.0386768954465,0.268305273659,0.693017830895
6947698,0.0865248833969,0.464587346039,0.448887770564
6838721,0.00210236980186,0.0666591415455,0.931238488653
6936661,0.0276121115056,0.294766774332,0.677621114162
6912257,0.185644075125,0.496493317219,0.317862607656
6905569,0.23693949005,0.379105154701,0.383955355249
6927167,0.112805060018,0.415616230058,0.471578709924
7150689,0.0159558559271,0.175856794604,0.808187349469
6820358,0.0155895762259,0.273754053865,0.710656369909
6945045,0.129659209424,0.343786303687,0.526554486889
6866884,0.532777767636,0.370035320125,0.0971869122388
6820658,0.00889995149664,0.180181810438,0.810918238066
6826462,0.468436177839,0.412869267373,0.118694554788
6932390,0.0921981801238,0.426180281775,0.481621538101
6905031,0.488116818898,0.402982126471,0.108901054631
6923011,0.151489019625,0.482163885088,0.366347095288
6908504,0.0179813723585,0.293084232007,0.688934395635
6881050,0.358044786475,0.425588636671,0.216366576854
6892968,0.046278481991,0.319370587969,0.63435093004
7346996,0.0573471288511,0.338744173554,0.603908697595
6876206,0.0109182377265,0.185312668152,0.803769094121
6813475,0.0821989542253,0.302268993417,0.615532052357
7190057,0.0149338747404,0.178818339958,0.806247785302
6838465,0.00913608787652,0.167330484929,0.823533427195
6899364,0.524387369272,0.431787106656,0.0438255240719
6891616,0.00175791449329,0.0392821858051,0.958959899702
6836715,0.0189607001964,0.195835377791,0.785203922013
6829616,0.0123464298181,0.233115683206,0.754537886976
6829144,0.00699126819864,0.119892530294,0.873116201507
6893064,0.0130961972247,0.254059157947,0.732844644828
6861300,0.00299917116394,0.124855532134,0.872145296702
6926847,0.0385484816192,0.342245221099,0.619206297282
6894021,0.0279697721584,0.223317830296,0.748712397546
6897946,0.00870235462048,0.15132180624,0.839975839139
6835716,0.00965867507152,0.156513015354,0.833828309575
6832160,0.152512627749,0.40238928091,0.445098091341
6835291,0.00410815784671,0.110777795893,0.885114046261
6945184,0.00142163103792,0.0780096939925,0.92056867497
7140488,0.0607450111442,0.425698021941,0.513556966914
6937850,0.0333929388856,0.277157925916,0.689449135198
6899603,0.0797519701721,0.229701442753,0.690546587075
6903105,0.532885089536,0.408424255018,0.0586906554457
6828476,0.00454095370126,0.145267584294,0.850191462005
6835098,0.00964550763984,0.150015804376,0.840338687985
6830512,0.00994205742791,0.164904750706,0.825153191866
6879997,0.175211631144,0.405739073566,0.41904929529
7131517,0.0876082334371,0.331414434156,0.580977332407
6835955,0.305639856853,0.416176561719,0.278183581428
6875250,0.00622146739781,0.14621649701,0.847562035592
6932794,0.0376528844263,0.392588576561,0.569758539013
6948263,0.0252772051935,0.334899807753,0.639822987053
6867201,0.223202545448,0.459930123814,0.316867330738
6882748,0.00973618301939,0.166603027013,0.823660789968
6902842,0.325100923338,0.434948310066,0.239950766595
6847535,0.0311350648483,0.263472743542,0.705392191609
6825267,0.327810244713,0.404987998802,0.267201756485
6909277,0.00952970540369,0.103308603728,0.887161690868
7152429,0.509005047924,0.466991521894,0.0240034301818
6931179,0.00130048003131,0.083422506886,0.915277013083
6896746,0.112522677152,0.384879695912,0.502597626937
6937073,0.0090872850999,0.129318496015,0.861594218885
6934627,0.00709486793566,0.0750717048749,0.917833427189
6887878,0.0710848502869,0.324358495862,0.604556653851
6921531,0.0474398756142,0.293397460699,0.659162663687
6897461,0.00259410353918,0.0683289840771,0.929076912384
6862066,0.00391725596062,0.153773796007,0.842308948032
6851531,0.195687539331,0.41233894602,0.391973514649
6928550,0.00307617193518,0.0886231004831,0.908300727582
6945851,0.0083886949569,0.157211156165,0.834400148878
6946955,0.00374704915943,0.06479288579,0.931460065051
6869136,0.444533664936,0.428557669889,0.126908665175
6908667,0.0399853337714,0.353977497165,0.606037169064
6820525,0.030373348962,0.2615766844,0.708049966638
6887970,0.105659528988,0.406933663876,0.487406807136
6848365,0.0345793266532,0.27378153251,0.691639140837
6816173,0.00471895746427,0.186525451477,0.808755591059
6900732,0.00395090512418,0.0791752208821,0.916873873994
6815786,0.0308056315757,0.252068092191,0.717126276233
6945972,0.0385751047868,0.278584577304,0.682840317909
6848445,0.0339065340193,0.233798347657,0.732295118324
6856486,0.0317856250424,0.278548496493,0.689665878465
6867010,0.0399740423622,0.346317087671,0.613708869967
6828257,0.018449379027,0.17719490722,0.804355713753
6871807,0.0322653112322,0.278206882369,0.689527806399
7212966,0.00129711463314,0.0443868096017,0.954316075765
6889959,0.0394635750742,0.243394979644,0.717141445281
6915510,0.00490209390887,0.160277382987,0.834820523104
6905402,0.0452083880974,0.323051218015,0.631740393888
6826100,0.437494456343,0.427159146923,0.135346396734
6848893,0.00378454301864,0.11757762241,0.878637834572
7155647,0.0481380282328,0.316969351681,0.634892620087
6812883,0.527241507032,0.376086762483,0.0966717304845
6866095,0.00502137778663,0.143136435011,0.851842187202
6931127,0.00198615738041,0.115869592268,0.882144250352
6829407,0.00574246687749,0.117739544725,0.876517988397
6867548,0.101017209717,0.399309456796,0.499673333487
7132575,0.11407482635,0.560892258316,0.325032915334
6890847,0.0108721165364,0.167436699465,0.821691183998
6916429,0.00766223039811,0.102789448042,0.88954832156
6884716,0.139146053758,0.36988400279,0.490969943452
6896897,0.53383272998,0.413955952542,0.0522113174779
6941572,0.00577128465509,0.153855807488,0.840372907857
6945277,0.0326127180516,0.360841125633,0.606546156316
7133293,0.00234316954726,0.116800045785,0.880856784668
7213385,0.00309544716122,0.085989389078,0.910915163761
6831928,0.00828926033213,0.141828704454,0.849882035214
6932687,0.00345196081651,0.11421946065,0.882328578534
6873877,0.00847949986624,0.156498040467,0.835022459667
7135459,0.00445189319945,0.105353014455,0.890195092346
6876620,0.00764139236757,0.164561771219,0.827796836413
6936163,0.109184924757,0.413368170642,0.477446904601
6912398,0.0131609658415,0.141092006758,0.845747027401
6917655,0.00609222972874,0.130933651478,0.862974118793
6941149,0.115784203423,0.428490495584,0.455725300993
6941378,0.0527912635447,0.298118850323,0.649089886132
6882453,0.0654005997348,0.425826866961,0.508772533304
7119160,0.176513055665,0.490200785178,0.333286159157
6868451,0.11129457692,0.381105766749,0.507599656331
6945881,0.0145644310714,0.332772746608,0.65266282232
6822541,0.002691746346,0.0727634060484,0.924544847606
6884355,0.102427977511,0.457907185579,0.439664836909
7132247,0.0273701439299,0.281025010541,0.691604845529
6872049,0.0321182043282,0.296528201565,0.671353594107
6890740,0.0388590377172,0.175165707622,0.785975254661
6840897,0.0622654914901,0.306237963027,0.631496545483
6847694,0.204085920768,0.40953174664,0.386382332592
6938196,0.0121123634177,0.27881932495,0.709068311632
6939526,0.00334766997283,0.0971597570059,0.899492573021
6917529,0.00687312019391,0.0875866365919,0.905540243214
6885636,0.00489762277465,0.101323268987,0.893779108238
7202614,0.00346866807101,0.0689742892224,0.927557042707
6926453,0.0915066453535,0.398253248021,0.510240106626
6844636,0.245236329799,0.480535888295,0.274227781906
6879293,0.154888486488,0.404422582214,0.440688931298
6924780,0.0218752879274,0.255824234493,0.722300477579
6881024,0.0102535145334,0.0909833928255,0.898763092641
6851374,0.0783288250915,0.328899488949,0.59277168596
6850953,0.0028650403813,0.125794057506,0.871340902113
6892292,0.285853946062,0.481379031599,0.232767022339
6886159,0.0092223192575,0.149999521744,0.840778158998
6849877,0.00422295877684,0.123400587286,0.872376453937
6940840,0.00640397612588,0.138970727318,0.854625296556
6926838,0.00756495148316,0.178213511593,0.814221536924
6879243,0.311770423325,0.480244388406,0.207985188269
6944286,0.00932216711705,0.153809006815,0.836868826068
6915587,0.0465113695076,0.304931920108,0.648556710384
6881904,0.0472149341142,0.286638070682,0.666146995204
7154358,0.245346475911,0.447283519223,0.307370004866
6899258,0.0111503924701,0.153869330481,0.834980277048
6855460,0.319303688327,0.531327157996,0.149369153677
6864884,0.0764737069263,0.378506309163,0.545019983911
6868209,0.158175707576,0.410487561197,0.431336731227
6853834,0.0272440614603,0.348005574243,0.624750364297
7210020,0.0607911238457,0.313696646099,0.625512230055
6933228,0.00568843818942,0.137963568908,0.856347992903
6929227,0.00938409599352,0.177298857302,0.813317046704
7192346,0.00999359495532,0.197684850869,0.792321554176
6928834,0.00508107427563,0.116955395446,0.877963530278
6812269,0.00180964732364,0.0787653711063,0.91942498157
6851446,0.44991372002,0.364714250236,0.185372029744
6930820,0.0271740619534,0.227238293759,0.745587644288
6875310,0.0303886666526,0.280479377723,0.689131955625
6932397,0.117093065557,0.4642738912,0.418633043244
6904291,0.0147440623504,0.157455193768,0.827800743882
6921642,0.0798711206798,0.401956639853,0.518172239467
7136057,0.390052421901,0.418629226892,0.191318351208
6920815,0.028904683359,0.263189401251,0.70790591539
6861757,0.107705176073,0.542475985985,0.349818837942
6934222,0.159871163608,0.403528013267,0.436600823125
6946448,0.085141536177,0.356526147324,0.558332316499
6890569,0.004156018052,0.119663711085,0.876180270863
6884477,0.032173502105,0.318429018229,0.649397479666
7145006,0.00110354072288,0.0627497600528,0.936146699224
6893718,0.0232023386372,0.276823342647,0.699974318715
6893330,0.00249832830956,0.0830030429721,0.914498628718
6901780,0.0238534860978,0.240221879982,0.73592463392
6815738,0.0194484838884,0.260234894502,0.72031662161
6917209,0.00518963138156,0.109828038838,0.884982329781
6904227,0.00640637696705,0.136486980468,0.857106642565
6894402,0.00249327189739,0.103393604642,0.89411312346
7146083,0.0243070044633,0.263497500329,0.712195495208
6902153,0.0011486468462,0.0597134113985,0.939137941755
6925988,0.0281708478859,0.311981609291,0.659847542823
6881323,0.00149320046487,0.0514264386984,0.947080360837
6937405,0.0272749249776,0.202949439637,0.769775635386
7098390,0.0587458692068,0.479889887987,0.461364242806
6935942,0.0540481675879,0.290123436246,0.655828396166
6833510,0.0698363609333,0.380222187837,0.54994145123
6812857,0.00380902667182,0.123267667807,0.872923305521
6828441,0.0268201201083,0.273728009255,0.699451870636
6915711,0.169939063726,0.419710838087,0.410350098187
6880643,0.0628756079697,0.333746833857,0.603377558173
7224930,0.012714939075,0.275997334195,0.71128772673
6852614,0.00988962601676,0.208726989657,0.781383384327
6853816,0.00336169406312,0.0883757470685,0.908262558868
6811964,0.490659728503,0.413360935715,0.0959793357819
6847800,0.00764501403048,0.145078101983,0.847276883986
6859897,0.270963859788,0.469209217053,0.259826923159
6882929,0.0616126797503,0.32113532863,0.61725199162
7157584,0.00265064357907,0.117878011483,0.879471344938
6863444,0.0082147611266,0.0851095016864,0.906675737187
6836902,0.00293402854078,0.0834854630916,0.913580508368
6918960,0.0667826145846,0.336453394217,0.596763991198
6882854,0.0259846854513,0.325602511892,0.648412802657
6822755,0.000686274545137,0.0386901554573,0.960623569998
6815184,0.229474758007,0.445748211928,0.324777030066
6846582,0.00231662104515,0.078282753253,0.919400625702
6940309,0.00118105072659,0.0678307242867,0.930988224987
6924056,0.0180733059556,0.246510997176,0.735415696868
6824481,0.0363814381771,0.293684971199,0.669933590624
6839735,0.030965009349,0.2628564826,0.706178508051
6900130,0.0035122049397,0.144109157903,0.852378637157
6946739,0.0088767060361,0.114462116341,0.876661177623
7144008,0.0165301833582,0.282080503305,0.701389313337
6863751,0.00136437538616,0.0609277220238,0.93770790259
6820293,0.0853311908032,0.494355745512,0.420313063685
6818472,0.005163233869,0.141594394412,0.853242371719
6832420,0.0209174164444,0.191808548314,0.787274035242
6879450,0.0107356268027,0.153570686472,0.835693686726
6943618,0.00807350222306,0.174351367549,0.817575130228
6883463,0.0210279948174,0.21526881301,0.763703192172
6834919,0.0235064373253,0.209300721924,0.76719284075
7505696,0.0511529351151,0.327886964507,0.620960100378
6903645,0.00595256383501,0.129853533361,0.864193902804
6831148,0.130766862022,0.387654443969,0.481578694009
6828948,0.248692488268,0.411581958581,0.339725553151
6878495,0.00493862782552,0.140959245298,0.854102126877
6924862,0.00719563674675,0.113360535116,0.879443828138
6887802,0.0204374363096,0.229051060678,0.750511503012
6903228,0.146890586803,0.398854928419,0.454254484778
6947415,0.000299474896462,0.0217375493096,0.977962975794
6941508,0.515866072003,0.454574188683,0.0295597393138
6856111,0.0129644746925,0.211747105051,0.775288420256
7126808,0.0520888755569,0.398616058791,0.549295065652
6939857,0.00475834291163,0.152632969376,0.842608687713
6822528,0.0133925814378,0.18329578406,0.803311634502
6947631,0.0319397206046,0.362200391831,0.605859887565
6887810,0.104713819149,0.350232155226,0.545054025625
6849210,0.00355575816746,0.143258640073,0.853185601759
6901742,0.000945035121325,0.0551720058884,0.94388295899
6850925,0.253984484101,0.410360079276,0.335655436622
7181995,0.278350720578,0.400780813346,0.320868466076
