high,medium,low,listing_id
0.0240767302278,0.307331238527,0.668592031245,7142618
0.0174244571826,0.0214695241582,0.961106018659,7210040
0.0822594885166,0.273406097028,0.644334414456,6879707
0.548119984452,0.379119598812,0.0727604167357,6819133
0.0275751190621,0.315983775866,0.656441105072,6908212
0.0317394816954,0.180615348822,0.787645169483,7161974
0.123701754912,0.694201978393,0.182096266695,6829365
0.0142647604268,0.406524742464,0.579210497109,6841710
0.132125112285,0.559788119315,0.3080867684,6945954
0.0162033869352,0.282474221402,0.701322391663,7171409
0.00190999597713,0.0150360331476,0.983053970875,7099678
0.00189317620543,0.0734425241286,0.924664299666,7216423
0.0148071213782,0.449172363656,0.536020514965,7129494
0.00136631380445,0.0114714897416,0.987162196454,7164957
0.0464669660602,0.364161637248,0.589371396692,7199268
0.0479651199028,0.465804443392,0.486230436705,7148498
0.207748327683,0.643505780819,0.148745891498,7160588
0.00518877437667,0.00936141965277,0.985449805971,7221837
0.283655199493,0.356985897972,0.359358902535,7203511
0.00372868715651,0.0670095621555,0.929261750688,7132148
0.169962422922,0.643254199302,0.186783377776,6882212
0.00369958825009,0.102623560053,0.893676851697,7096060
0.407886562433,0.377216330002,0.214897107564,7170212
0.000432491277887,0.00271854284666,0.996848965875,7160952
0.163846585137,0.574552488033,0.26160092683,7183416
0.0031395738747,0.0323307517869,0.964529674338,7202476
0.0111604481117,0.122342925148,0.86649662674,6933575
0.000842595431099,0.00352270009553,0.995634704473,7191187
0.00169576860614,0.00577929359034,0.992524937804,7200181
0.0656406163757,0.281424739141,0.652934644483,7192049
0.000499830448902,0.00669034794665,0.992809821604,7174736
0.00396977176295,0.0640996167624,0.931930611475,7150234
0.262557781489,0.427609978991,0.30983223952,6924264
0.0316840162536,0.2628269825,0.705489001246,7158488
0.788568203331,0.194891883153,0.0165399135153,7116516
0.0035293710702,0.103580974483,0.892889654447,7201651
0.00774979225088,0.10343609818,0.888814109569,7224151
0.0849424794835,0.484666765355,0.430390755162,6871081
0.453322185771,0.380573968211,0.166103846019,7177398
0.000920301804965,0.00920379909254,0.989875899102,7199069
0.0036871732161,0.040196414032,0.956116412752,7119382
0.00837414290242,0.228144224579,0.763481632518,7210949
0.0248616130505,0.211579185873,0.763559201076,7211406
0.0369608531736,0.643400192468,0.319638954358,7092237
0.0100975050413,0.414339803764,0.575562691194,6873153
0.00139696709649,0.00862659792806,0.989976434975,7149311
0.0102257151443,0.059391346228,0.930382938628,7154401
0.0247829863194,0.281882257256,0.693334756425,7090592
0.000662276617036,0.00457007144533,0.994767651938,6935022
0.000607353895452,0.00443102127985,0.994961624825,7220072
0.01910850668,0.104283552393,0.876607940927,7125106
0.248028526116,0.544329777084,0.207641696801,7092482
0.256702202278,0.502110465554,0.241187332168,7178538
0.0146781261695,0.119809243001,0.865512630829,7123013
0.0309826265536,0.5464510204,0.422566353047,7201161
0.652205159571,0.314558037533,0.0332368028967,7194766
0.00177801419619,0.0382911731203,0.959930812683,6876617
0.0461356928214,0.437974956283,0.515889350895,7136427
0.0103690518832,0.146458656367,0.843172291749,7097870
0.0306298559166,0.0401693952153,0.929200748868,6919213
0.128436496963,0.440194436477,0.43136906656,7105580
0.459489966808,0.329642549057,0.210867484135,7092417
0.00985585754267,0.128964497483,0.861179644974,7091203
0.439491776975,0.366219952253,0.194288270772,7184254
0.00207827187536,0.0360603209883,0.961861407136,7166592
0.00038553951578,0.00281820381638,0.996796256668,7166649
0.0191715019082,0.427768112492,0.5530603856,7192318
0.0510785446944,0.240291080433,0.708630374873,7192836
0.0662655281082,0.446394511971,0.487339959921,6895927
0.100054420554,0.0516162127535,0.848329366693,7130870
0.00423551758535,0.0356347917712,0.960129690643,7161305
0.0588030912092,0.251277694282,0.689919214508,7197749
0.334679638801,0.412314713211,0.253005647988,7090770
0.00755326093555,0.219387671404,0.773059067661,7090484
0.0148434655792,0.224276157469,0.760880376952,7225763
0.00526476998782,0.177434062361,0.817301167651,7133938
0.158084270853,0.486058296525,0.355857432621,7110098
0.0440018570833,0.371920018278,0.584078124639,7223062
0.0633554601455,0.402428203848,0.534216336007,7202167
0.106711652803,0.570990697562,0.322297649635,7107127
0.00277259130156,0.0104779936977,0.986749415001,7742634
0.00835122254786,0.278019026755,0.713629750697,7181397
0.00190201994125,0.00869481001461,0.989403170044,7217457
0.00379795840244,0.127394954265,0.868807087333,7195758
0.00121033273928,0.0130805860808,0.98570908118,7095424
0.353425127251,0.5116688153,0.134906057449,7182050
0.0110157482126,0.119718540994,0.869265710793,7175872
0.00144653693611,0.0360183693659,0.962535093698,7223534
0.0158432783717,0.324302208463,0.659854513166,7154824
0.210193538537,0.444662760053,0.34514370141,7216639
0.0513499749795,0.733448502841,0.215201522179,7092519
0.00151124700618,0.0313853809669,0.967103372027,7096425
0.00481763836383,0.0226316238885,0.972550737748,6866987
0.0218526434304,0.103844223938,0.874303132632,6905956
0.00192950957664,0.010438226829,0.987632263594,7174421
0.0909944744137,0.361068683408,0.547936842178,7228998
0.000688241552075,0.00369016274142,0.995621595707,7119224
0.213131515688,0.601964900432,0.18490358388,7180386
0.246698418653,0.577628140976,0.17567344037,7138031
0.0424595847965,0.566339221734,0.39120119347,7224354
0.163561295585,0.57899866696,0.257440037455,7134851
0.0103191597485,0.410832409687,0.578848430564,7228859
0.558703168639,0.412915741817,0.0283810895439,7093735
0.00782062604382,0.00891991818862,0.983259455768,6898332
0.0225174444429,0.253585306375,0.723897249182,7193141
0.00758831204298,0.435604416108,0.556807271849,7194865
0.00354225017905,0.00972557538878,0.986732174432,7185487
0.0111448261596,0.0697462860037,0.919108887837,7188829
0.000933244145009,0.00279114920893,0.996275606646,7151193
0.0257586649168,0.0779087716612,0.896332563422,7115172
0.0335759724902,0.264505445175,0.701918582335,7110988
0.000755999285523,0.00725160254746,0.991992398167,7152717
0.0120179468936,0.165682210101,0.822299843006,7192694
0.000449713748272,0.00787960710277,0.991670679149,7166582
0.367677307771,0.425627882606,0.206694809623,6911145
0.0311473557176,0.309910527379,0.658942116904,6830914
0.0732653806389,0.218282015544,0.708452603817,7146462
0.0447064902428,0.157856541515,0.797436968242,7098972
0.000595698425198,0.00547294005819,0.993931361517,6936770
0.117593215231,0.682343137333,0.200063647436,7226216
0.00081729460345,0.00609802489301,0.993084680504,7212621
0.197132413819,0.476007042782,0.326860543398,7165745
0.0211252427161,0.205094934849,0.773779822435,7190002
0.0065375401296,0.121799463517,0.871662996354,7123309
0.00342725588702,0.0200555678097,0.976517176303,7226582
0.144801137898,0.563184645716,0.292014216386,7154854
0.000684796087699,0.00474794584989,0.994567258062,6836361
0.120940457467,0.687437740509,0.191621802024,7227235
0.0117232687733,0.0902896343123,0.897987096914,7219018
0.012662716787,0.165844966656,0.821492316557,7204293
0.0131950271211,0.0331821255138,0.953622847365,6856334
0.285610462501,0.358873435662,0.355516101837,6898804
0.095701591228,0.35780540152,0.546493007252,7132757
0.00684463894872,0.110793806206,0.882361554846,7112656
0.000294735730344,0.00149136382084,0.998213900449,7182043
0.108022933069,0.425335128737,0.466641938194,7112994
0.0198627509267,0.280114166362,0.700023082711,7115308
0.00640213156247,0.110015235211,0.883582633226,6904452
0.0589671784444,0.316795586937,0.624237234619,7115927
0.00666767286842,0.088840721152,0.90449160598,7224021
0.00270237860918,0.00882741706796,0.988470204323,7149571
0.0290185854312,0.25755087063,0.713430543938,7168690
0.0690625927652,0.446937328263,0.484000078972,7135900
0.000148073317048,0.00190980123554,0.997942125447,6914831
0.0112711428936,0.0411553914237,0.947573465683,7113305
0.00780745230712,0.223445926685,0.768746621008,7171791
0.00153794452992,0.00503204566836,0.993430009802,7148814
0.034844110236,0.408573103351,0.556582786413,7150751
0.120786862865,0.5083314741,0.370881663036,6864188
0.000558821858571,0.0104454530556,0.988995725086,7186751
0.0236502774738,0.209041112518,0.767308610008,7124431
0.000853438615228,0.0330478697026,0.966098691682,7233424
0.155624861231,0.390411017827,0.453964120942,7162755
0.21967937105,0.459903643675,0.320416985275,7216787
0.374414237722,0.512621438619,0.112964323659,7224135
0.0322805825248,0.172156658003,0.795562759472,6871263
0.00598643680865,0.0985564046102,0.895457158581,7140054
0.11631519199,0.618527433778,0.265157374231,7214306
0.000799932674313,0.0148628483973,0.984337218928,7207010
0.0351722331406,0.392720803365,0.572106963494,6888945
0.211239597569,0.305577190356,0.483183212076,7135926
0.00681287235381,0.0361012103004,0.957085917346,7196902
0.00351150731213,0.0717326150433,0.924755877645,7169109
0.0123340323429,0.0573458923566,0.9303200753,7132136
0.788690860242,0.189363598714,0.0219455410447,7196348
0.281056350301,0.541027945705,0.177915703993,7108137
0.229225505817,0.611541894427,0.159232599756,7196052
0.00541484868867,0.0773062945109,0.9172788568,6887929
0.0077099801846,0.109112401377,0.883177618438,7222329
0.00836010174705,0.134046812102,0.857593086151,7155368
0.181913077059,0.510045333215,0.308041589726,6865599
0.0545277905865,0.348972822064,0.59649938735,7158815
0.016113441092,0.19601906871,0.787867490198,7141792
0.00379097027979,0.087137179901,0.909071849819,7096757
0.000944425562916,0.0497204926455,0.949335081792,7194589
0.00258787613922,0.127992191633,0.869419932228,7154270
0.104671307226,0.521570003467,0.373758689307,7098517
0.0898260078851,0.760662555762,0.149511436353,7102565
0.0184454330774,0.0949257418247,0.886628825098,7146195
0.0187047583642,0.111444750658,0.869850490978,7174247
0.0627146595449,0.0177496859613,0.919535654494,7339808
0.0608337510525,0.365459324029,0.573706924918,6869756
0.000229169637795,0.00274292742839,0.997027902934,7193119
0.00308194381302,0.0528468628802,0.944071193307,7157829
0.00339557113069,0.0413697441626,0.955234684707,7181230
0.00244020622144,0.0157319780937,0.981827815685,7124794
0.0166881259292,0.150880792039,0.832431082032,7152571
0.000315636418999,0.00311902419243,0.996565339389,7202977
0.00373447089107,0.0703975581146,0.925867970994,7100558
0.110671274262,0.27346678121,0.615861944527,7098808
0.00181932454187,0.00909855898213,0.989082116476,7188468
0.00177759634792,0.00534035032518,0.992882053327,6881209
0.0179498332174,0.273379730557,0.708670436225,6937072
0.00142822559173,0.00662907535326,0.991942699055,7174303
0.0511054191316,0.0809889480816,0.867905632787,7126040
0.155315950787,0.500421499941,0.344262549272,7181545
0.00233681996457,0.0125612558637,0.985101924172,7166165
0.0560966480755,0.451524913586,0.492378438339,7144004
0.0659383809131,0.62688721994,0.307174399147,7120980
0.000497717713828,0.00580166574964,0.993700616537,7215737
0.01797342301,0.269493805413,0.712532771577,7197944
0.181003678611,0.236210098138,0.582786223251,7100117
0.0588964578014,0.578918784414,0.362184757785,7093369
0.0256909672235,0.524324391382,0.449984641394,6844025
0.0371638295366,0.423628731233,0.53920743923,6883542
0.0165117814873,0.324114134978,0.659374083534,7205917
0.00648153896603,0.0370003786631,0.956518082371,7121603
0.00539491856841,0.0229745255103,0.971630555921,7095110
0.340288123352,0.364720852966,0.294991023681,7122015
0.0962014813379,0.234267852607,0.669530666055,7172678
0.00728128349067,0.0535424540373,0.939176262472,7198372
0.31368984842,0.649246141822,0.0370640097575,7113709
0.00119617412661,0.00884791380188,0.989955912072,7113724
0.0465806841919,0.210072579813,0.743346735995,7155366
0.0748703101292,0.377458667116,0.547671022755,6938498
0.000228577205201,0.00150106370496,0.99827035909,7136888
0.00740469235599,0.191293374239,0.801301933405,6823151
0.690694227379,0.126547943814,0.182757828807,7155978
0.0136141595875,0.0917031134175,0.894682726995,7414286
0.00565409600378,0.147172937346,0.84717296665,7125205
0.0834786633312,0.481735365368,0.434785971301,7127606
0.00865355655058,0.215403838889,0.775942604561,7170206
0.00978957129937,0.17676127045,0.813449158251,7189069
0.196977949543,0.472193584116,0.330828466341,7164587
0.019569744072,0.373100207394,0.607330048534,7123462
0.0119750941642,0.105395104567,0.882629801269,7195574
0.132178051403,0.384376517306,0.483445431291,6905356
0.0941539818949,0.0552565350429,0.850589483062,7091632
0.000554944227487,0.00890537547907,0.990539680293,7208299
0.0237950579171,0.159527812518,0.816677129564,6906694
0.00205851053704,0.0399560684581,0.957985421005,7199544
0.0222351890601,0.248663393169,0.729101417771,7198797
0.347793764923,0.545018334307,0.10718790077,7218039
0.0532112215882,0.147295517158,0.799493261254,7169298
0.161986596253,0.134644285648,0.703369118099,7137826
0.398544368134,0.167007150038,0.434448481828,7148969
0.0255397837227,0.214825656734,0.759634559543,7118238
0.492220419978,0.394156268857,0.113623311165,6920804
0.000663501036903,0.00729435739115,0.992042141572,7460153
0.0157536875465,0.525024065905,0.459222246549,7172772
0.118642671274,0.322864497453,0.558492831273,7127773
0.0029231627876,0.0121097864913,0.984967050721,6911498
0.201518729393,0.615204000624,0.183277269983,7162169
0.000678673665777,0.0380667986863,0.961254527648,7208159
0.0297090347457,0.514867784349,0.455423180905,7152941
0.0081390706362,0.257078054722,0.734782874642,7118654
0.0482515665878,0.264488449642,0.687259983771,7163231
0.00335543174442,0.0373662589002,0.959278309355,7115970
0.0818935864376,0.468848171718,0.449258241844,6819119
0.000474851331611,0.00277013045231,0.996755018216,7174798
0.238964769996,0.374950782587,0.386084447417,7223983
0.0221915219333,0.556300875777,0.42150760229,7221983
0.000901978075454,0.0141985272979,0.984899494627,7168923
0.00728164759426,0.177790714471,0.814927637935,6906462
0.0163300052489,0.0319494162263,0.951720578525,6894418
0.122686220417,0.603557997482,0.273755782101,7103173
0.0395766927916,0.283482686771,0.676940620438,7148287
0.00395240710387,0.0804067431127,0.915640849783,7146674
0.00318798758257,0.0228708064327,0.973941205985,7225592
0.0574078520417,0.69302440172,0.249567746238,6858868
0.0110706431638,0.178673313068,0.810256043768,7193730
0.0672964004633,0.433667175278,0.499036424259,7115112
0.00185481920605,0.0276085654957,0.970536615298,7218086
0.000993861595669,0.0081961479131,0.990809990491,7122332
0.000942155830781,0.00333583790302,0.995722006266,7194210
0.0172805951647,0.518354273877,0.464365130958,7171457
0.0145384636319,0.149636255295,0.835825281073,6824923
0.00157555278697,0.0596207282727,0.93880371894,7201755
0.00520987654858,0.200804671133,0.793985452318,7139088
0.013442482221,0.225000127373,0.761557390406,7129910
0.0830374127307,0.636086155188,0.280876432081,6897320
0.00058285347747,0.0118213348491,0.987595811673,7147723
0.0020439035558,0.00849673848263,0.989459357962,7095701
0.0133194121331,0.50672591711,0.479954670757,7162702
0.00392003101136,0.0143911882455,0.981688780743,7213220
0.0198161423253,0.345859968825,0.63432388885,7170275
0.0121700947512,0.081951365778,0.905878539471,7088335
0.234650385496,0.483963101809,0.281386512695,7101806
0.00282197953558,0.00949097728106,0.987687043183,7158425
0.00295208969229,0.0540642762664,0.942983634041,7123514
0.825751447369,0.155554891774,0.0186936608569,7094393
0.00323356246184,0.0151454314274,0.981621006111,6925993
0.00495119782808,0.0561224959505,0.938926306221,7215526
0.146731580214,0.49165634326,0.361612076526,7229624
0.00847688944781,0.0467913100093,0.944731800543,7126076
0.00079152980495,0.00415362825081,0.995054841944,7174311
0.00335506178038,0.0692791298595,0.92736580836,7093032
0.778240394358,0.198546364487,0.0232132411555,7116424
0.00410627353977,0.0731620091078,0.922731717352,7126565
0.00244866821707,0.0101499060736,0.987401425709,7146074
0.00211320670342,0.0118577484046,0.986029044892,7189385
0.369897088062,0.527433130444,0.102669781493,7231942
0.174334418019,0.562997532777,0.262668049203,6845428
0.000610094795326,0.00428255585038,0.995107349354,7128192
0.268085222717,0.354212085117,0.377702692166,7173274
0.0267839375952,0.433818143531,0.539397918874,7090182
0.00713003720983,0.0681887912688,0.924681171521,7134733
0.00158168498923,0.00398974613676,0.994428568874,7124780
0.104482836785,0.570958013269,0.324559149946,7173055
0.0364733311857,0.043301905268,0.920224763546,7127319
0.00666697153828,0.0553906986578,0.937942329804,7106511
0.0646768299166,0.524194171686,0.411128998397,7155324
0.000972047966527,0.00690832629077,0.992119625743,6914020
0.119803024893,0.553335032886,0.326861942222,6925469
0.00254190156067,0.0110257941601,0.986432304279,7202466
0.0551384917921,0.70161340166,0.243248106548,7185116
0.00250874942261,0.0329844697097,0.964506780868,7195907
0.013425021675,0.142599300902,0.843975677423,7232274
0.00805117954152,0.149531689264,0.842417131194,7198677
0.0492786537,0.373587757268,0.577133589032,7156961
0.00213708704131,0.0516191844887,0.94624372847,7131557
0.00729179144448,0.200658409047,0.792049799508,7157315
0.0284200360981,0.267007343267,0.704572620635,7209306
0.114332885257,0.559062327264,0.326604787479,7126510
0.00463007958212,0.0575154052767,0.937854515141,6853015
0.0121660694548,0.177874372612,0.809959557933,6831720
0.000219911905935,0.00444501413697,0.995335073957,7133448
0.00441545178705,0.027362364939,0.968222183274,7106296
0.012918695458,0.145311435743,0.8417698688,7106025
0.011233189126,0.0599919042535,0.928774906621,7218227
0.145211025679,0.655797341858,0.198991632463,7131276
0.0622775134567,0.246967117789,0.690755368754,7143251
0.0159956246875,0.0980870563696,0.885917318943,7126212
0.00605016322187,0.150725771688,0.84322406509,7172601
0.316699205166,0.56654771828,0.116753076554,7106029
0.61870619445,0.224125594245,0.157168211305,6886480
0.00439346468453,0.094076288714,0.901530246601,7115193
0.0111433871671,0.139509562089,0.849347050744,6896849
0.00209279359123,0.0659205710066,0.931986635402,7214135
0.070261725646,0.266416935651,0.663321338703,7224010
0.000390355013608,0.00451864836876,0.995090996618,7163730
0.00530300832497,0.0081375198032,0.986559471872,7699404
0.371973980659,0.471064216322,0.156961803019,7232531
0.0724915824856,0.191393840338,0.736114577176,7218544
0.00898643986967,0.105302091469,0.885711468661,7202075
0.391848924122,0.474786042043,0.133365033835,7212961
0.302284712759,0.574446175004,0.123269112237,6844807
0.000278284621257,0.00322271689919,0.99649899848,6822835
0.00445084011477,0.0260001533231,0.969549006562,7107399
0.00733133369939,0.180997142287,0.811671524014,7095756
0.00955457707029,0.125571031684,0.864874391246,6924612
0.0116026307728,0.0734047031066,0.914992666121,7179449
0.0120527251241,0.0210144888348,0.966932786041,7158465
0.000785969403474,0.0106396211291,0.988574409467,7133871
0.000809999981176,0.00272069028601,0.996469309733,7160944
0.0239596232884,0.247595898181,0.72844447853,7195938
0.0838650159542,0.626804244094,0.289330739952,7202072
0.0597024585659,0.645245465521,0.295052075913,7154935
0.000492585325575,0.0143797301658,0.985127684509,6909606
0.0806212388535,0.467762733402,0.451616027745,7194972
0.00481049575345,0.0102552073913,0.984934296855,7218891
0.000878761690076,0.0266123978375,0.972508840472,7157466
0.00336642367369,0.0561283349339,0.940505241392,6873391
0.0755960751813,0.491626575175,0.432777349644,7093096
0.00131451397502,0.00937268800196,0.989312798023,7108164
0.0294970286878,0.215702649172,0.75480032214,7146886
0.000714773730115,0.00440159947497,0.994883626795,7135862
0.00135180088803,0.0222315731473,0.976416625965,7215166
0.0030904829704,0.0369691523025,0.959940364727,7220817
0.119149816254,0.616300076651,0.264550107094,6888768
0.019136816909,0.314500730196,0.666362452895,7155779
0.108715765945,0.539737290296,0.351546943759,7148067
0.100353481799,0.365188750775,0.534457767426,7162670
0.000577052946,0.00289826736251,0.996524679691,7214689
0.150152626597,0.744650195698,0.105197177705,6813984
0.0269841547303,0.234479075732,0.738536769538,7182013
0.0902789259298,0.746519631269,0.163201442801,7214634
0.000471765150756,0.0060335416693,0.99349469318,7174715
0.00685043317775,0.0941375557602,0.899012011062,7137009
0.324359492396,0.275123740298,0.400516767307,7170663
0.0105355729847,0.156517036915,0.8329473901,7300884
0.385954113701,0.52205498526,0.0919909010393,7191625
0.00993537888808,0.285484267318,0.704580353794,7197998
0.00053304509743,0.0033981729746,0.996068781928,7187137
0.0107113538082,0.232107502546,0.757181143646,7210147
0.0289927796241,0.235933996948,0.735073223428,7132694
0.0515766481186,0.16757939804,0.780843953841,6837438
0.0431573946154,0.0338696637316,0.922972941653,6933465
0.000755652122681,0.0147145802092,0.984529767668,7133799
0.116030154871,0.737316930302,0.146652914827,7132383
0.0741904134949,0.642653377461,0.283156209045,7226809
0.169610086539,0.496019482491,0.334370430969,6926153
0.000674382288081,0.0076953924083,0.991630225304,7174376
0.029855044021,0.25884339318,0.711301562799,7159595
0.000559781048308,0.00893680768331,0.990503411268,7135725
0.0217521606013,0.0624232421874,0.915824597211,7103938
0.00391371150157,0.0112513778579,0.984834910641,7145978
0.0376504115908,0.464795442006,0.497554146403,7132248
0.0016965747269,0.0345579397592,0.963745485514,7217610
0.121988518865,0.314237215661,0.563774265474,6860067
0.157519052068,0.597517386344,0.244963561588,7178884
0.000939763948448,0.00447343824486,0.994586797807,7172041
0.00282684485096,0.0139651383882,0.983208016761,6833791
0.00863285842516,0.148021087261,0.843346054314,7178198
0.0444734600459,0.523818516302,0.431708023653,7171756
0.00163588858654,0.0100820642857,0.988282047128,7097081
0.0388726120117,0.0842937442959,0.876833643692,7171419
0.00145061458233,0.00747876301508,0.991070622403,7213296
0.00406649885332,0.011669417374,0.984264083773,7476124
0.000810714842506,0.00415062851623,0.995038656641,7122697
0.00349050464091,0.0217987715053,0.974710723854,7134247
0.00116494929742,0.0213629280141,0.977472122688,6932864
0.00172325498356,0.029161951673,0.969114793343,7196732
0.23345131391,0.685153783028,0.0813949030615,6928183
0.0146564071849,0.125154155391,0.860189437425,7137665
0.00209639549916,0.0200552890752,0.977848315426,7098012
0.15247095791,0.241432833831,0.606096208259,7110723
0.0259271642261,0.213072909341,0.760999926433,7211024
0.000708736036619,0.00266439953001,0.996626864433,7169518
0.00108348737445,0.00834780083715,0.990568711788,7197475
0.0219649234243,0.749563126771,0.228471949805,7229818
0.000801961171714,0.00627846181874,0.99291957701,7114472
0.0144175255,0.203249174494,0.782333300006,7186248
0.175397051256,0.455793565819,0.368809382926,6855583
0.00189098018674,0.0572244846286,0.940884535185,6947071
0.00111750080813,0.00462574516212,0.99425675403,7147232
0.151583417619,0.657783631079,0.190632951303,7155514
0.0229139173357,0.188791212202,0.788294870463,7173800
0.00422875408411,0.0938936668964,0.901877579019,7225164
0.343446094762,0.527099606932,0.129454298306,7089833
0.000556606351076,0.00638657366802,0.993056819981,7191025
0.073646990677,0.322792513603,0.60356049572,7160360
0.405917547896,0.452021876474,0.14206057563,7091881
0.019123491993,0.408421777589,0.572454730418,7114030
0.00279316179125,0.0620002415744,0.935206596634,7206746
0.0615563240788,0.401378988409,0.537064687512,6937120
0.00150790322951,0.0347171023244,0.963774994446,6912944
0.00221961632807,0.0491773467382,0.948603036934,7134559
0.0153442451804,0.207780511504,0.776875243315,7228872
0.0069419985062,0.076814182656,0.916243818838,7115016
0.0015206174059,0.0285851086261,0.969894273968,7187944
0.00336701899573,0.0866862270815,0.909946753923,7125808
0.00179080292985,0.00274186102207,0.995467336048,7106248
0.134894833721,0.611962786302,0.253142379977,7122081
0.003917742216,0.0656375375397,0.930444720244,7132529
0.239305035414,0.405602172262,0.355092792324,7178140
0.00839796798646,0.0351223901776,0.956479641836,6887664
0.119252040823,0.458077082004,0.422670877173,7094239
0.00419659684936,0.0485847611447,0.947218642006,6826374
0.0431868419799,0.515275130919,0.441538027101,7185278
0.0346484186961,0.249184874748,0.716166706556,7112282
0.036130872033,0.153857715579,0.810011412388,7145779
0.00767986549234,0.131048015017,0.861272119491,7136479
0.00103150304961,0.00344986813851,0.995518628812,7146736
0.0121042334363,0.138938289149,0.848957477415,7159613
0.000692020752614,0.0226911472876,0.97661683196,7140472
0.422740135536,0.226907991207,0.350351873256,7120131
0.00722423745718,0.115569712275,0.877206050267,6864322
0.0482782808321,0.0801949953096,0.871526723858,6855249
0.0647720276712,0.625617468805,0.309610503524,7175886
0.0634891991803,0.335162408273,0.601348392546,7141407
0.000415132766622,0.00428287897923,0.995301988254,6908003
0.0228788542801,0.0432758045127,0.933845341207,7152116
0.581921907664,0.333606949635,0.0844711427007,7122032
0.0406196594651,0.560963809873,0.398416530662,7134270
0.0170045955358,0.186741082801,0.796254321663,7194324
0.135665108734,0.237116186236,0.627218705031,7227422
0.0244362928062,0.386429978359,0.589133728835,7143130
0.00116441648559,0.00529588928689,0.993539694228,7179678
0.0119901626966,0.315494430864,0.672515406439,6829786
0.00617466551417,0.0917313155602,0.902094018926,7130098
0.0734507679298,0.0977801259708,0.828769106099,7189424
0.0399725016753,0.424359480846,0.535668017479,7155241
0.0146206041376,0.123451328244,0.861928067619,7101701
0.0219120705815,0.572855925705,0.405232003714,7145574
0.168960975231,0.506838216798,0.324200807971,7200463
0.230604734073,0.621006223941,0.148389041986,7232313
0.0114522734474,0.190930956032,0.797616770521,7105632
0.0125768436652,0.287400004684,0.700023151651,7188914
0.00739927762309,0.27006515685,0.722535565527,7198837
0.00270861658713,0.0216025572737,0.975688826139,6903636
0.00212000075412,0.0174314053443,0.980448593902,7153529
0.0366674784472,0.681684984112,0.281647537441,7099755
0.0112387103288,0.169890117169,0.818871172502,7201362
0.239802584014,0.440590804501,0.319606611485,7227115
0.0227649027747,0.128007802027,0.849227295198,6815789
0.00814539363815,0.231993357434,0.759861248927,7140697
0.00156075267016,0.0234285425537,0.975010704776,7145019
0.00276063838772,0.0401875925319,0.95705176908,7207674
0.028674913859,0.639627090894,0.331697995247,7156815
0.00790886983836,0.0483249698884,0.943766160273,7222015
0.01320411596,0.1831299313,0.80366595274,6901153
0.00926347113157,0.205988411726,0.784748117142,7132993
0.0312820862251,0.254677332174,0.714040581601,7232106
0.277468814402,0.219601333827,0.502929851771,7231662
0.015008283986,0.211993037075,0.772998678939,7151126
0.00617065771538,0.0212620882166,0.972567254068,7138670
0.0117852450613,0.0857618607436,0.902452894195,6927326
0.00463662040576,0.0207802600254,0.974583119569,7174767
0.280335025046,0.51022651538,0.209438459574,7160305
0.0871567538704,0.616806929743,0.296036316386,7090406
0.0866010808888,0.588628593111,0.324770326,7126130
0.0596034631263,0.657617312389,0.282779224484,6926635
0.014253883122,0.0881995042846,0.897546612593,7217304
0.00117905664676,0.0279300754312,0.970890867922,7215134
0.0129932753991,0.378576807077,0.608429917524,7169324
0.0084469412831,0.149034753343,0.842518305374,7115354
0.00872516076222,0.196464297196,0.794810542042,7179884
0.290020262223,0.518516710936,0.191463026841,7152268
0.0430611988659,0.390956948501,0.565981852633,6908277
0.0896229883839,0.313482490813,0.596894520803,6925868
0.00443538712554,0.0714850144023,0.924079598472,7156090
0.000813609617021,0.00477663319897,0.994409757184,7176617
0.00164967843724,0.0175089503755,0.980841371187,6868036
0.02326584567,0.150492868373,0.826241285957,7222391
0.000801206095126,0.00704082090148,0.992157973003,7133396
0.0328540293828,0.0735917711992,0.893554199418,7171578
0.0313316508116,0.661948563876,0.306719785312,7154815
0.0155464956981,0.295632299031,0.688821205271,7178336
0.0989502360278,0.664295244733,0.236754519239,7101374
0.182565938277,0.480891472567,0.336542589156,7098927
0.0393196178973,0.380857353714,0.579823028389,7163990
0.000746585665223,0.00649507885058,0.992758335484,6846052
0.000549105931222,0.00469048728799,0.994760406781,7224737
0.00203833152169,0.0564362907284,0.94152537775,6929333
0.0142892360163,0.109692858724,0.876017905259,7209854
0.00364322922844,0.100082144698,0.896274626073,7112379
0.016850974826,0.339321076466,0.643827948708,7203777
0.0066662097336,0.0806023841988,0.912731406068,7106452
0.00308504721538,0.0489562634651,0.947958689319,7167367
0.00187124198855,0.0211111820962,0.977017575915,7198289
0.0252130207684,0.266450487691,0.70833649154,7114182
0.0124836796707,0.264194197879,0.72332212245,7164571
0.000616807727154,0.00670310942464,0.992680082848,7148385
0.111117489889,0.568972649609,0.319909860502,6889455
0.00236569320434,0.0500037775227,0.947630529273,6847449
0.0148038970422,0.0769168235547,0.908279279403,7221295
0.00597007335465,0.193937136602,0.800092790044,7189769
0.000360039683794,0.00325558097912,0.996384379337,7166135
0.0151876285146,0.196639445711,0.788172925775,7124209
0.00140921060352,0.0227554614734,0.975835327923,7118354
0.0045068865834,0.270448785031,0.725044328386,7180987
0.0314327116425,0.441493191431,0.527074096926,7208831
0.0240868195,0.116181465368,0.859731715132,7152945
0.0101018098245,0.217498111293,0.772400078883,7178031
0.000242172535493,0.00603788803913,0.993719939425,7163327
0.0244354927017,0.366638605962,0.608925901337,6875508
0.705610485118,0.196222606176,0.0981669087062,6821079
0.00778746823959,0.0146708672781,0.977541664482,7189335
0.0011864733795,0.00608812501087,0.99272540161,7150845
0.0439788727272,0.508640588945,0.447380538328,7178596
0.00170832130898,0.0203662611526,0.977925417538,7103006
0.00918933143239,0.182169664013,0.808641004555,7137287
0.0428550880483,0.282742265492,0.67440264646,7212482
0.00182618214335,0.0231311791286,0.975042638728,7228451
0.0193380999167,0.13961187588,0.841050024204,7224648
0.43949131104,0.297250081501,0.263258607459,7225057
0.118593952702,0.165417813473,0.715988233825,6831338
0.298243275279,0.540180586521,0.1615761382,7231000
0.400779925496,0.332000077235,0.267219997269,6901954
0.00730750302819,0.0902457304678,0.902446766504,7089020
0.0560850246998,0.464153507741,0.479761467559,7159211
0.00082268182817,0.00416920820987,0.995008109962,7199945
0.0937026006147,0.416202203272,0.490095196113,7151764
0.0076375956004,0.166937253377,0.825425151022,7158323
0.26227783976,0.593107757669,0.144614402571,7091598
0.0212637108649,0.313282192545,0.66545409659,7184616
0.138136791644,0.553849110878,0.308014097478,7209608
0.0285133040977,0.350977084272,0.620509611631,6824087
0.0670279491463,0.415129557313,0.51784249354,6921199
0.0309351345051,0.231390339294,0.737674526201,7209911
0.0780243144405,0.403596273368,0.518379412191,7175741
0.000344352519038,0.00797338542575,0.991682262055,6828237
0.00937220688978,0.125795927883,0.864831865227,7157470
0.00186597696101,0.016798595056,0.981335427983,7152497
0.000780131455763,0.0169238230112,0.982296045533,7101239
0.00190712126032,0.010736804499,0.987356074241,7198496
0.0243704934838,0.172931512664,0.802697993852,7222050
0.0739541315761,0.769110148073,0.156935720351,7179819
0.00284413956685,0.0129518140719,0.984204046361,7223017
0.0121420170855,0.0767616097653,0.911096373149,6910418
0.0132715644066,0.481490404696,0.505238030898,7212660
0.0379889893253,0.542295686891,0.419715323784,7211031
0.000876519582164,0.00700134748672,0.992122132931,7090985
0.024079461602,0.42897943961,0.546941098788,7187410
0.390911531129,0.55826521948,0.0508232493918,7092742
0.293254370026,0.359097878124,0.34764775185,7097629
0.00541772286639,0.127520657932,0.867061619201,7224847
0.0196168608347,0.222520128927,0.757863010239,7210298
0.0079709104951,0.0182885726512,0.973740516854,7206399
0.17805711284,0.501384813677,0.320558073483,7203976
0.0163811777808,0.411129733924,0.572489088295,6931631
0.00895480041763,0.0393953975934,0.951649801989,7116016
0.265299877241,0.35305393122,0.381646191539,7189325
0.00400134371019,0.0385271773022,0.957471478988,7170679
0.00576101829385,0.0617721545311,0.932466827175,7177093
0.0118488337999,0.0436024584636,0.944548707737,7017704
0.267668761916,0.587747210379,0.144584027705,7214163
0.0461504669462,0.185819513887,0.768030019167,7141005
0.0368766350238,0.427940265293,0.535183099683,7170170
0.306626200247,0.567963163194,0.12541063656,7169819
0.0483993007954,0.443690513716,0.507910185489,7121537
0.0644123230113,0.291594053399,0.64399362359,6926008
0.00770146492456,0.0841595050434,0.908139030032,7115911
0.0433215912396,0.43766672495,0.519011683811,7214529
0.0938975045219,0.112514538247,0.793587957231,7231838
0.00566820829776,0.0874778587913,0.906853932911,7129008
0.00298620959724,0.0641537512587,0.932860039144,7118454
0.0681399597021,0.348125776773,0.583734263525,6852127
0.00116794617307,0.0261211470082,0.972710906819,7208301
0.246894336659,0.545898697491,0.20720696585,7092879
0.0732577134088,0.31504417017,0.611698116421,7145369
0.535219039765,0.254834656099,0.209946304136,7149727
0.053747301751,0.441628673381,0.504624024868,6943947
0.00582332145891,0.0188506238665,0.975326054675,7150900
0.000546961337794,0.0028386755016,0.996614363161,7155198
0.235863990575,0.654770132473,0.109365876951,7178234
0.0452428319547,0.379869211082,0.574887956964,7124305
0.153077523348,0.713994016772,0.13292845988,7209434
0.00529562080849,0.0304128190036,0.964291560188,7192674
0.00736804078609,0.0316728114829,0.960959147731,6917664
0.0231864747943,0.161298449873,0.815515075333,7145226
0.0482525488719,0.286410159931,0.665337291197,7211096
0.070558719057,0.472104412805,0.457336868138,7193793
0.0550466892161,0.693768061621,0.251185249162,6876098
0.11384997983,0.312033364804,0.574116655366,7171636
0.0319690464942,0.422536772867,0.545494180639,7200300
0.0731790095085,0.766714134987,0.160106855505,7209473
0.0824928365125,0.338408872768,0.579098290719,7224174
0.0142108211878,0.226202001759,0.759587177053,7148704
0.00122985071206,0.0260843411308,0.972685808157,7221036
0.649600426852,0.288108772649,0.0622908004987,7113304
0.0109187708575,0.042263665936,0.946817563206,6841291
0.0358747756507,0.339980886702,0.624144337647,6921824
0.0216179632792,0.275929991865,0.702452044856,7210780
0.0152338315146,0.0554797571721,0.929286411313,6850099
0.00399665221235,0.0398288936329,0.956174454155,7107905
0.0276730435367,0.28569732662,0.686629629843,7184685
0.00996998955261,0.166674842508,0.82335516794,7090008
0.017217589883,0.103293230434,0.879489179683,7129240
0.30113854809,0.562516098364,0.136345353547,7169478
0.0844535474749,0.411783248216,0.503763204309,7164822
0.00882375050127,0.113561874739,0.877614374759,7212438
0.085931123621,0.394374980422,0.519693895957,7170090
0.0132273193421,0.154359562781,0.832413117877,7110155
0.00332962608317,0.0679712226379,0.928699151279,6849286
0.0159302583431,0.067028796311,0.917040945346,6893627
0.0826119532884,0.617272334243,0.300115712468,7110081
0.00644447347983,0.0186997360268,0.974855790493,7124325
0.00168093502357,0.0278058546414,0.970513210335,7147324
0.0460375898931,0.224739551269,0.729222858838,7105296
0.0131247832766,0.177048714589,0.809826502135,7178753
0.00240289624592,0.115400605304,0.88219649845,7230210
0.0485689897945,0.380843275637,0.570587734568,7176570
0.000564038991106,0.0084682347508,0.990967726258,7138391
0.00201505679587,0.0194366841358,0.978548259068,7231144
0.00119155692936,0.00916875085785,0.989639692213,7116215
0.0266131353682,0.355463489764,0.617923374868,6857762
0.00158999777138,0.0342167378772,0.964193264351,6827630
0.0012593410921,0.00386342524956,0.994877233658,7199772
0.00532983172548,0.125707326528,0.868962841747,7120094
0.00406768401118,0.0194659233539,0.976466392635,7230114
0.00658878847401,0.0998741070918,0.893537104434,7150140
0.00534951174207,0.0928832660247,0.901767222233,7108258
0.0353153826777,0.234010078819,0.730674538503,7145525
0.244898478822,0.545701686484,0.209399834694,7201044
0.053012470063,0.0573595013614,0.889628028576,7130326
0.190258621942,0.66866073491,0.141080643148,7172593
0.00219184859213,0.02539864971,0.972409501698,6877625
0.00142745529685,0.0157195947317,0.982852949971,7096221
0.00155202130844,0.0470478994164,0.951400079275,6866160
0.0135118686121,0.0904184745542,0.896069656834,7224881
0.000464087840721,0.00556303533996,0.993972876819,7101571
0.163919388442,0.625013836844,0.211066774715,7206608
0.0978636208394,0.641185135745,0.260951243415,7136181
0.0289779502677,0.266313000122,0.70470904961,7133179
0.203403303622,0.663355710427,0.133240985951,7171302
0.138352908066,0.66800385148,0.193643240454,7154583
0.00158209471291,0.0241299257801,0.974287979507,7174650
0.364282612775,0.544016924388,0.0917004628371,6933161
0.000563279590885,0.00341044607169,0.996026274337,6923925
0.00391102509605,0.0128240171955,0.983264957708,7167050
0.0112494764845,0.182241257282,0.806509266234,7123258
0.00582151868794,0.00600136385388,0.988177117458,7208284
0.0145843064869,0.0371866688686,0.948229024645,7125881
0.0455735838757,0.0694233030527,0.885003113072,7174583
0.00183027328455,0.0545749689422,0.943594757773,7180498
0.000999491618894,0.0054920784688,0.993508429912,7089825
0.00251479122552,0.0694522670841,0.92803294169,7157986
0.0522823225196,0.0520361690243,0.895681508456,7107923
0.000395207891462,0.00437881761031,0.995225974498,7133372
0.00617990497186,0.151610776734,0.842209318294,6929458
0.0156439266858,0.249475821283,0.734880252031,7156002
0.00281743216464,0.0418809396699,0.955301628165,7206470
0.0170150937845,0.159310180098,0.823674726117,7113755
0.0216393520852,0.343287554422,0.635073093493,6946359
0.0760213869914,0.290888643127,0.633089969882,7134299
0.0660334581882,0.261270936158,0.672695605654,7164999
0.0457244329639,0.327664474121,0.626611092915,7131335
0.00379216645274,0.0397725997626,0.956435233785,7094422
0.0176809046381,0.0702845855688,0.912034509793,7181077
0.207926624339,0.630168154963,0.161905220698,7201208
0.639687382007,0.249344966969,0.110967651024,6887949
0.000497614552693,0.01214562768,0.987356757767,7163117
0.246464813546,0.379888007813,0.373647178641,7091565
0.0017869087429,0.0193060388978,0.978907052359,7216798
0.0397984295019,0.600082717197,0.360118853301,7164915
0.516802257123,0.348041115687,0.135156627189,6925112
0.00580087229142,0.177920915041,0.816278212667,7219264
0.0733363753677,0.655641470784,0.271022153848,7116670
0.0076346673475,0.341221072858,0.651144259795,7221088
0.00127865422658,0.0137101479496,0.985011197824,7126851
0.0089789077147,0.130447444841,0.860573647444,7092408
0.11845143314,0.440662136543,0.440886430317,7283419
0.0110299526967,0.1006002187,0.888369828604,7221202
0.00954161030474,0.33161560719,0.658842782506,7127416
0.00180948516593,0.0266957597413,0.971494755093,7189020
0.000777109141358,0.0144239061245,0.984798984734,7124767
0.0662044717362,0.367677526647,0.566118001617,7120245
0.0628653678216,0.554781977652,0.382352654527,6857870
0.0164228451526,0.464821159461,0.518755995386,7134525
0.00204268649191,0.0146209936367,0.983336319871,7231633
0.00173533710928,0.0251405342762,0.973124128615,7116471
0.0386538115684,0.218694206615,0.742651981817,7091976
0.0186348949853,0.327337432659,0.654027672356,6900182
0.00114490196173,0.00828232593473,0.990572772104,7186845
0.00150555258075,0.0340416281934,0.964452819226,7128229
0.143908982865,0.669713431277,0.186377585858,7197429
0.0328707609874,0.489771014307,0.477358224706,7124145
0.000576930484497,0.00533368685136,0.994089382664,7150592
0.0043593650686,0.0621052233841,0.933535411547,7207556
0.0036407277066,0.0416266317558,0.954732640538,6891824
0.0676461684924,0.796904769723,0.135449061785,7172322
0.00158474053114,0.00508021592756,0.993335043541,7135899
0.0029075589929,0.0386175894945,0.958474851513,7230347
0.4583806602,0.463458683627,0.0781606561729,6934079
0.0259422974545,0.353388492056,0.62066921049,7121028
0.00217638197101,0.04904533912,0.948778278909,7143056
0.00102915243609,0.00594465039614,0.993026197168,7150298
0.00761233041197,0.128555579491,0.863832090097,7214826
0.379064491277,0.423695184505,0.197240324218,7140814
0.0226445168655,0.4974588801,0.479896603034,7234393
