listing_id,high,medium,low
7142618,0.11580044,0.286196415,0.598003145
7210040,0.016419475,0.145549114,0.838031411
7103890,0.135043684,0.409704709,0.455251607
7143442,0.288031672,0.489448621,0.222519707
6860601,0.044433491,0.267236484,0.688330025
6840081,0.006892933,0.107065642,0.886041425
6922337,0.03412472,0.267436517,0.698438762
6913616,0.101276305,0.29305939,0.605664304
6937820,0.053123191,0.223433299,0.72344351
6893933,0.167620265,0.271636986,0.560742749
6832604,0.00262733,0.056198014,0.941174656
6915282,0.016007264,0.170460822,0.813531914
7127565,0.040250277,0.183645278,0.776104445
6827899,0.021755561,0.139700137,0.838544302
6934855,0.005694932,0.072594375,0.921710694
6861826,0.034291529,0.230754828,0.734953642
6871643,0.011119007,0.149861388,0.839019604
6842542,0.021300865,0.198617043,0.780082092
6934145,0.03148551,0.229062397,0.739452093
6829365,0.057965828,0.328288695,0.613745477
7167858,0.038688006,0.175915718,0.785396276
6859483,0.014110868,0.193803707,0.792085426
6861377,0.01679686,0.122336432,0.860866709
6848960,0.052270673,0.239182972,0.708546355
6918850,0.015203653,0.133273193,0.851523155
6916867,0.138095248,0.252252219,0.609652532
6895840,0.025642143,0.182487804,0.791870053
6813539,0.024047781,0.195285176,0.780667043
7116900,0.53529708,0.429664347,0.035038573
6890328,0.017588034,0.199288861,0.783123105
6879406,0.21418831,0.415599455,0.370212235
6824924,0.077284832,0.301029938,0.621685231
6911302,0.025244841,0.223652536,0.751102623
6918742,0.044733094,0.345786373,0.609480532
6910586,0.013121867,0.162010307,0.824867826
6821750,0.048599864,0.242603267,0.70879687
6860647,0.200806342,0.37583368,0.423359978
6932873,0.082910358,0.439392131,0.477697512
6846053,0.020200803,0.165205779,0.814593418
6940365,0.089569689,0.227490502,0.682939809
6931867,0.103443957,0.233686218,0.662869825
6876383,0.03326157,0.230784508,0.735953923
6910980,0.024886175,0.156333163,0.818780662
6880877,0.012842079,0.163543599,0.823614323
6839552,0.18422745,0.379995655,0.435776895
6838051,0.017316664,0.17020097,0.812482366
6928201,0.144511961,0.342263873,0.513224166
6945608,0.060780611,0.466142178,0.473077211
6816147,0.0111261,0.128979844,0.859894056
6868129,0.024777777,0.229469324,0.745752899
6849448,0.035276726,0.225748129,0.738975145
7113677,0.238429134,0.420269548,0.341301317
6930856,0.057417253,0.196881077,0.74570167
6889594,0.070671758,0.350555884,0.578772358
6842682,0.052670263,0.230112078,0.717217659
6880366,0.479427542,0.381571742,0.139000716
6835063,0.005159957,0.06788663,0.926953413
6820479,0.100632187,0.284619107,0.614748707
6882057,0.147360468,0.390567127,0.462072405
6834440,0.047885343,0.361465293,0.590649364
6880846,0.011422425,0.096304232,0.892273343
6847248,0.004119875,0.100104239,0.895775885
6868368,0.010442643,0.105452646,0.88410471
6943505,0.012881498,0.146681472,0.84043703
7174304,0.017734946,0.145428447,0.836836607
6880747,0.06800944,0.313828622,0.618161938
6933565,0.058465996,0.290385032,0.651148971
6888511,0.010271365,0.085893679,0.903834956
6942704,0.193009073,0.347740276,0.459250651
6840304,0.058592694,0.324155707,0.617251599
6856860,0.047734947,0.252998544,0.699266509
6884921,0.00906946,0.103912639,0.887017901
6937417,0.044072434,0.172767341,0.783160225
6831129,0.00701126,0.075819815,0.917168924
6936660,0.038616802,0.245222838,0.71616036
6940667,0.012831755,0.173846459,0.813321786
7201307,0.045336135,0.20252842,0.752135445
6825434,0.026095511,0.248629142,0.725275347
6848114,0.027252154,0.227204933,0.745542913
6947758,0.448796613,0.413742372,0.137461015
6897002,0.029060626,0.210605474,0.7603339
6926661,0.005095171,0.106801506,0.888103323
6867411,0.039476106,0.239088842,0.721435051
6910154,0.03480381,0.204471889,0.760724301
7157900,0.010264111,0.164943222,0.824792668
6922324,0.045166843,0.42063849,0.534194667
6863068,0.06714066,0.225321898,0.707537442
6912109,0.011826413,0.141252861,0.846920726
6918609,0.259637791,0.411016508,0.329345701
6889300,0.087406392,0.299440011,0.613153597
6837794,0.049880407,0.230161795,0.719957798
6943098,0.074365535,0.215208533,0.710425932
6927601,0.041075579,0.268528707,0.690395714
6897826,0.006524658,0.121020926,0.872454415
6882892,0.004844652,0.095268439,0.899886909
6873384,0.220096387,0.498933334,0.280970279
6934693,0.014244385,0.15652555,0.829230065
7224450,0.060645861,0.367993736,0.571360403
6898157,0.005986077,0.082688507,0.911325416
6837355,0.00574389,0.107404219,0.886851891
6830595,0.019207391,0.16196703,0.818825579
6943561,0.055152376,0.33622776,0.608619864
6844380,0.150188793,0.420844192,0.428967015
6814286,0.024548114,0.147671132,0.827780754
6898520,0.141305098,0.441596818,0.417098084
6940979,0.120723702,0.395573192,0.483703105
6851090,0.027286545,0.17696684,0.795746615
7107169,0.010707895,0.132239813,0.857052292
6830287,0.028116304,0.230928231,0.740955465
6933575,0.090461894,0.326544513,0.582993593
6938972,0.313946189,0.28409321,0.401960601
6888315,0.013890441,0.115597012,0.870512547
6855106,0.023199485,0.219508776,0.757291738
6838237,0.196157763,0.291809558,0.512032679
6901024,0.024756509,0.214067289,0.761176202
6846627,0.010406344,0.128760107,0.860833549
7219857,0.003873354,0.06696364,0.929163006
6852685,0.023541533,0.192932393,0.783526075
6831610,0.043556637,0.262389484,0.694053878
6943538,0.014029407,0.122119661,0.863850932
6911637,0.014342934,0.097242721,0.888414344
6854543,0.007526501,0.12055557,0.871917929
6940451,0.4945184,0.458654659,0.046826941
6819530,0.171039564,0.396663683,0.432296753
7093396,0.016678324,0.141173051,0.842148625
6840326,0.008295206,0.126544508,0.865160286
6834204,0.007196941,0.101043996,0.891759063
6902518,0.208385559,0.346247283,0.445367158
6930253,0.048861522,0.193441999,0.757696479
6828293,0.003123329,0.069814297,0.927062375
7203744,0.025172807,0.174627694,0.800199499
6816478,0.275858068,0.429700805,0.294441127
6868890,0.133666653,0.321501382,0.544831965
6879338,0.134303329,0.305377762,0.56031891
6898532,0.551575101,0.396444154,0.051980745
6899965,0.058181886,0.351088746,0.590729368
7133875,0.00874549,0.097723449,0.89353106
6822218,0.049032413,0.293758072,0.657209515
6814018,0.547428856,0.392416726,0.060154418
6896376,0.418004501,0.408570546,0.173424953
6918670,0.015974681,0.14342916,0.840596159
6867839,0.007017088,0.106520158,0.886462754
6823554,0.003009251,0.083969689,0.91302106
6934798,0.021735406,0.163634991,0.814629602
6820823,0.035357346,0.176022932,0.788619722
6880212,0.007112669,0.088290179,0.904597152
6934814,0.010202225,0.129666543,0.860131231
7254134,0.010652945,0.132897634,0.856449422
6938303,0.208186338,0.36852916,0.423284503
6813807,0.078590589,0.282944572,0.638464839
6878604,0.097830306,0.186939232,0.715230462
6876763,0.019363081,0.213507468,0.767129451
6844352,0.009539778,0.137335954,0.853124268
6915939,0.046555793,0.208064774,0.745379432
7109370,0.026153055,0.222353984,0.75149296
6855445,0.065318566,0.268943317,0.665738116
6818668,0.053985416,0.234455944,0.71155864
6836527,0.002926561,0.043855058,0.953218381
6831717,0.027757504,0.179187407,0.79305509
6937162,0.372394335,0.420309623,0.207296041
6922876,0.0322916,0.139181074,0.828527326
7109482,0.073154712,0.398726451,0.528118837
6940972,0.093126299,0.320026779,0.586846922
6883790,0.062385228,0.239103472,0.698511299
6921643,0.056934419,0.234896077,0.708169504
6935700,0.016627825,0.196828476,0.786543699
6827025,0.107905786,0.409746344,0.48234787
6943096,0.076857453,0.382967172,0.540175374
7161468,0.012791314,0.117113986,0.8700947
6879610,0.024327974,0.341598147,0.634073879
6935762,0.026041287,0.226644269,0.747314444
6925042,0.012289416,0.153428471,0.834282113
7121050,0.139617125,0.373692218,0.486690657
6821601,0.02449725,0.237632015,0.737870734
6926810,0.036642252,0.204601308,0.758756439
6946532,0.023561675,0.179304147,0.797134178
6875171,0.300012608,0.386036569,0.313950822
7096285,0.051749119,0.300939248,0.647311633
6812321,0.009288249,0.103439199,0.887272552
6822697,0.074483908,0.257958881,0.66755721
6941294,0.023789176,0.238010503,0.738200321
6873564,0.004928421,0.05578844,0.939283139
6926791,0.024853799,0.196095851,0.77905035
7142444,0.540401033,0.370360832,0.089238136
6878128,0.021814405,0.134453566,0.843732029
6927428,0.021622554,0.183132824,0.795244622
6812674,0.005839041,0.075379301,0.918781658
6881774,0.050072211,0.303255846,0.646671943
7167797,0.016998156,0.213829534,0.76917231
6865238,0.055879832,0.202580139,0.741540029
6841710,0.041841876,0.199240867,0.758917257
6856334,0.007316969,0.088614188,0.904068843
6906462,0.017126972,0.190918153,0.791954875
6837438,0.052125689,0.235388123,0.712486188
6908277,0.114013997,0.332760939,0.553225064
6841291,0.011863525,0.106716651,0.881419824
6915178,0.080799139,0.403154931,0.51604593
6893031,0.201719354,0.50631213,0.291968517
6894985,0.200350671,0.342567943,0.457081387
6931134,0.080407719,0.326608506,0.592983775
6872264,0.072011579,0.40959867,0.518389751
6816953,0.06878025,0.24796681,0.68325294
7163518,0.195742573,0.398286791,0.405970636
6893253,0.044546466,0.268696477,0.686757057
6943822,0.016521983,0.16680555,0.816672467
6946313,0.030928188,0.166743531,0.80232828
6839443,0.010573977,0.14953961,0.839886413
6911338,0.023802311,0.215195961,0.761001728
7223877,0.380210135,0.390491187,0.229298678
6917884,0.048691587,0.225752935,0.725555478
6823126,0.007545393,0.109246309,0.883208298
6939488,0.033363585,0.194004783,0.772631632
7196924,0.01623511,0.144283755,0.839481135
6905685,0.013229299,0.211579488,0.775191213
6894092,0.037208441,0.265765122,0.697026438
6812181,0.015068833,0.137871577,0.84705959
6854610,0.046686524,0.297480319,0.655833157
6873754,0.104776585,0.390434595,0.50478882
6859181,0.206211532,0.303506538,0.490281929
6825402,0.006620153,0.106879353,0.886500494
6819526,0.017579215,0.127804658,0.854616127
6896065,0.004257173,0.105615044,0.890127783
6931793,0.05543841,0.243323129,0.701238461
6907360,0.006312573,0.095026293,0.898661134
6813182,0.023361376,0.159168586,0.817470038
6823959,0.014716616,0.126509011,0.858774372
6942189,0.016462142,0.149768881,0.833768977
6844384,0.134360372,0.387032584,0.478607044
6836888,0.039492455,0.284534204,0.675973341
6917844,0.024761626,0.202366999,0.772871375
6937842,0.26495895,0.455011594,0.280029457
6926917,0.04327303,0.270653054,0.686073916
7160740,0.060756364,0.272055049,0.667188587
6936310,0.196905411,0.351359633,0.451734956
6849109,0.090253693,0.405734253,0.504012054
6831018,0.002413768,0.065162873,0.932423359
6909842,0.058603184,0.231327123,0.710069693
6861360,0.027528704,0.180954975,0.791516321
6883414,0.03515779,0.246569096,0.718273114
6876026,0.063590914,0.207357081,0.729052005
7095390,0.003023058,0.057093755,0.939883187
6932265,0.066257107,0.278352734,0.655390158
6870949,0.017945296,0.222694179,0.759360524
6831335,0.110183593,0.385168906,0.5046475
6895698,0.085389077,0.31302263,0.601588293
6889889,0.059767867,0.24228856,0.697943573
6876679,0.044205942,0.184718854,0.771075204
6947097,0.104334264,0.200089484,0.695576252
6874970,0.003991679,0.090560289,0.905448033
6831069,0.093881725,0.236604425,0.66951385
6833628,0.019205502,0.192325611,0.788468887
6819282,0.064026447,0.289214898,0.646758655
6825025,0.005618776,0.130073354,0.86430787
6856513,0.050943112,0.273854698,0.675202191
6928711,0.008178569,0.123618391,0.86820304
6832548,0.081021328,0.34591892,0.573059752
6881870,0.02653341,0.168635016,0.804831575
6866978,0.268851087,0.466325157,0.264823757
7163400,0.395122306,0.43041755,0.174460144
6917187,0.020502537,0.160727755,0.818769708
6927475,0.069251508,0.275791673,0.654956819
6903243,0.052202969,0.155482221,0.792314811
6876188,0.015681577,0.187071754,0.797246669
6922219,0.018041062,0.129581445,0.852377493
7104085,0.008266789,0.078936365,0.912796847
6920897,0.15077008,0.339252904,0.509977017
6812177,0.00797354,0.105868287,0.886158172
6941047,0.235153895,0.450812106,0.314033999
6827609,0.003534387,0.068636364,0.927829249
6934328,0.007025326,0.079717598,0.913257076
6937556,0.104314241,0.293556971,0.602128788
6879765,0.145549886,0.341960481,0.512489633
6942927,0.004517465,0.098954643,0.896527891
6945170,0.050147355,0.18256885,0.767283796
6901915,0.023463437,0.191609585,0.784926978
6824475,0.014008658,0.124825331,0.861166011
6832968,0.01802535,0.201088816,0.780885833
7166718,0.008321369,0.085677931,0.9060007
6905079,0.012211135,0.16241607,0.825372795
6940297,0.344782096,0.398502603,0.2567153
6911080,0.036439985,0.207880665,0.75567935
6917208,0.012341059,0.120732692,0.866926249
6858925,0.013645279,0.171306593,0.815048127
7169883,0.303709103,0.4192229,0.277067997
6944112,0.371984584,0.394803907,0.233211509
6885816,0.042680172,0.1748394,0.782480427
6837733,0.027323733,0.164509488,0.808166779
6828658,0.048132272,0.2115622,0.740305527
6839429,0.21114246,0.372519049,0.416338491
7164794,0.021257248,0.201129903,0.777612849
6837661,0.112406766,0.251987,0.635606235
6883255,0.036998325,0.166306761,0.796694914
6833054,0.012519564,0.187574644,0.799905792
7675463,0.04458945,0.264670385,0.690740165
6871526,0.025944847,0.211797196,0.762257957
6876295,0.043083918,0.270863952,0.68605213
7204045,0.007861023,0.131718249,0.860420728
6840357,0.057859291,0.329369038,0.612771671
6917531,0.207505501,0.304532612,0.487961888
6886057,0.402299724,0.486460726,0.11123955
6833734,0.109945793,0.396636638,0.493417569
6908098,0.025533243,0.235176739,0.739290018
6860562,0.046306624,0.248270368,0.705423008
6859167,0.245816564,0.448943444,0.305239992
6812141,0.005563073,0.091270413,0.903166514
6919431,0.04228805,0.247861341,0.70985061
6869389,0.073073878,0.255149553,0.671776569
6906034,0.056175643,0.21570707,0.728117287
7108495,0.021195343,0.156407232,0.822397425
6864681,0.015403651,0.104324259,0.88027209
6893982,0.022040599,0.202239173,0.775720228
6862160,0.033332819,0.189940855,0.776726326
6854804,0.078859242,0.338438967,0.582701791
7143164,0.064676889,0.27994368,0.65537943
6936651,0.043423101,0.250751833,0.705825066
6837450,0.036640138,0.183406436,0.779953425
6908259,0.38717928,0.441539368,0.171281352
6916539,0.008899719,0.112559948,0.878540333
6947176,0.048297671,0.181525441,0.770176888
6933958,0.134240385,0.249381512,0.616378103
6816549,0.109844289,0.280019055,0.610136656
6876117,0.027382497,0.190024382,0.782593121
6848605,0.087049215,0.398184772,0.514766012
6840659,0.064372733,0.268682572,0.666944695
6823496,0.278179721,0.392384606,0.329435673
6912609,0.00345848,0.054990648,0.941550871
7097937,0.005639137,0.14920592,0.845154944
6924524,0.01184396,0.169098448,0.819057592
6938236,0.113158478,0.371422984,0.515418538
6865751,0.006040813,0.070216474,0.923742713
6936323,0.013034956,0.13056402,0.856401023
6868422,0.148442492,0.408414369,0.443143138
7210133,0.094672253,0.336894185,0.568433561
7215631,0.04475359,0.18910448,0.76614193
6940189,0.177450919,0.264284736,0.558264345
6888941,0.005107069,0.101236605,0.893656325
6831598,0.238885787,0.410461355,0.350652858
6939963,0.015152697,0.138661261,0.846186042
6897175,0.037328569,0.223940144,0.738731287
6816167,0.004965449,0.088823328,0.906211223
6812965,0.020343142,0.216930794,0.762726064
7149372,0.499151785,0.427425849,0.073422366
6875959,0.005058622,0.10426134,0.890680039
6925644,0.054382599,0.289335114,0.656282288
6874269,0.057226646,0.218312231,0.724461122
6814721,0.041892195,0.2831389,0.674968905
6922432,0.054466071,0.321411829,0.6241221
6858861,0.044256966,0.265380215,0.690362819
6835339,0.003327257,0.057950464,0.938722279
6896997,0.027877717,0.248473177,0.723649106
6921134,0.007549421,0.076831924,0.915618655
6883685,0.01975385,0.229353893,0.750892257
6911406,0.008770925,0.070973487,0.920255589
6825733,0.172443291,0.460520977,0.367035732
6884462,0.10162146,0.317095278,0.581283262
6858682,0.015900689,0.169112796,0.814986515
6894013,0.088348657,0.428439528,0.483211815
6856391,0.044819949,0.201687937,0.753492114
6828064,0.015264209,0.149667764,0.835068026
6817336,0.000993422,0.04247242,0.956534159
6819178,0.034468208,0.223624143,0.741907648
7147339,0.021983773,0.206150126,0.771866101
6887757,0.057588019,0.2059417,0.736470281
6946859,0.021241487,0.173874296,0.804884218
6855963,0.020239873,0.233635335,0.746124792
6839828,0.108195859,0.377736396,0.514067746
6870806,0.130130006,0.463124618,0.406745376
6880221,0.214980909,0.279126294,0.505892797
6921809,0.056468796,0.247241781,0.696289423
6897069,0.190878561,0.337322695,0.471798744
6897157,0.093176635,0.283727885,0.62309548
6898912,0.07423435,0.33088706,0.59487859
6856271,0.039111039,0.173548938,0.787340023
6888381,0.009217929,0.096439873,0.894342198
7099191,0.005907259,0.089392379,0.904700363
6917882,0.079809882,0.337163434,0.583026683
6931260,0.006073401,0.099149827,0.894776772
6849996,0.127361804,0.402318661,0.470319536
6887973,0.023010608,0.122135987,0.854853405
6850205,0.180363157,0.393618664,0.426018179
6845657,0.545578408,0.440480457,0.013941136
6930302,0.024234771,0.19896826,0.776796969
6852391,0.074292583,0.403758478,0.521948939
6920411,0.336111297,0.398395201,0.265493502
6907999,0.009880153,0.161683951,0.828435896
6864094,0.021444417,0.145413477,0.833142106
6813852,0.064084878,0.229862152,0.70605297
7232295,0.246617262,0.413783188,0.339599549
6896558,0.088060434,0.35144247,0.560497096
6858919,0.078883484,0.314833956,0.60628256
6847828,0.039581211,0.253876068,0.706542722
6925116,0.021380974,0.194615513,0.784003513
6854687,0.039631783,0.243148164,0.717220053
6946415,0.070327188,0.315506501,0.614166311
6827859,0.003026989,0.047725598,0.949247413
6884313,0.425538016,0.445414966,0.129047018
6848651,0.091708057,0.266824106,0.641467837
7136298,0.025528801,0.172901655,0.801569543
6874534,0.024937057,0.141256603,0.83380634
6908942,0.051402923,0.192546603,0.756050474
6894718,0.004345478,0.095689507,0.899965014
6876449,0.043351467,0.199159826,0.757488708
6825630,0.101875411,0.311401458,0.586723131
7155655,0.01235771,0.113260763,0.874381527
7201310,0.045661651,0.249288747,0.705049602
6864334,0.007863725,0.166330357,0.825805918
6876658,0.017330806,0.142946799,0.839722395
6842370,0.052439381,0.224226601,0.723334018
6835467,0.532533167,0.418165416,0.049301416
7227368,0.076026312,0.287508453,0.636465236
6859482,0.320199061,0.379281075,0.300519864
6878641,0.011384353,0.118522372,0.870093275
6869916,0.005389591,0.073231951,0.921378458
6841060,0.113129377,0.289258048,0.597612576
6887832,0.080525604,0.303969319,0.615505077
6905898,0.007042437,0.07122917,0.921728394
7104742,0.255095733,0.433916986,0.31098728
6948090,0.044926007,0.259711201,0.695362792
6839851,0.067702425,0.284660118,0.647637457
6934051,0.004179845,0.090557971,0.905262184
6888727,0.102056779,0.382517557,0.515425664
7167478,0.091437586,0.26679547,0.641766944
6892109,0.265648014,0.453729463,0.280622523
6908544,0.353062252,0.366993521,0.279944227
6921725,0.029575253,0.171278404,0.799146343
6932343,0.090497905,0.391099808,0.518402287
6914309,0.008553556,0.105940153,0.885506292
6919805,0.017602483,0.188193872,0.794203645
6947828,0.043720597,0.186802274,0.76947713
6920362,0.18339991,0.455347688,0.361252402
7110179,0.340508902,0.39575327,0.263737829
6877834,0.013733987,0.149632711,0.836633302
6876966,0.034083207,0.214083365,0.751833428
6823918,0.00340601,0.088217181,0.908376809
6871243,0.007494475,0.144572931,0.847932594
6928189,0.104366458,0.25271661,0.642916933
6852455,0.010001976,0.131502611,0.858495413
7208631,0.015322432,0.209508676,0.775168891
6831811,0.081471001,0.300274938,0.618254061
6904276,0.007152397,0.069773934,0.923073669
6831589,0.010559142,0.172594298,0.81684656
6901814,0.024220241,0.136974133,0.838805626
6854667,0.139035567,0.252642668,0.608321765
7192650,0.004072213,0.083197415,0.912730372
6836299,0.009107861,0.112813479,0.87807866
6887919,0.018173297,0.150909029,0.830917674
6927679,0.098905367,0.345622207,0.555472426
6855908,0.059136172,0.208135395,0.732728433
6854766,0.009083395,0.133405263,0.857511342
6847472,0.020679845,0.192342583,0.786977571
6862519,0.08348828,0.20654636,0.70996536
6938819,0.196508035,0.318460258,0.485031707
6945434,0.060823237,0.223716348,0.715460415
6832722,0.52170937,0.359082461,0.119208169
6852707,0.014668191,0.156843467,0.828488342
7177680,0.398505047,0.498497934,0.10299702
6834945,0.006028323,0.107346473,0.886625204
6890316,0.015933195,0.219812143,0.764254662
6816620,0.013344357,0.117761303,0.86889434
6945175,0.005698417,0.107954786,0.886346797
6914016,0.010943081,0.144207199,0.84484972
6852619,0.033660006,0.204792649,0.761547345
6813211,0.109770042,0.308049408,0.58218055
6820546,0.025745805,0.216864151,0.757390045
6836128,0.012007175,0.091598418,0.896394407
6850557,0.027037274,0.174742069,0.798220656
6864997,0.304117654,0.407891809,0.287990537
6883705,0.006394945,0.068114713,0.925490342
6898767,0.006341229,0.093729129,0.899929643
6866020,0.097838683,0.251315308,0.650846009
7126382,0.336727297,0.392542583,0.27073012
6847427,0.070825266,0.335977449,0.593197284
6841013,0.03235521,0.211406368,0.756238422
6909469,0.012174158,0.106549994,0.881275847
6922473,0.030499403,0.203577003,0.765923594
6925906,0.390101407,0.407786385,0.202112208
6946014,0.081170272,0.318955357,0.599874371
6820739,0.041737594,0.157642125,0.800620281
6927559,0.161255859,0.415679077,0.423065063
7174772,0.00932754,0.127735098,0.862937363
6931036,0.029346279,0.219420345,0.751233376
6918163,0.034602394,0.283997764,0.681399841
6893604,0.140248408,0.324576374,0.535175218
6868844,0.071615302,0.37796341,0.550421288
6814537,0.061644626,0.281721741,0.656633633
6916118,0.011878532,0.118968256,0.869153212
6838509,0.046653458,0.320714109,0.632632433
6919725,0.17479672,0.456363403,0.368839877
6932476,0.005341513,0.130050891,0.864607596
6860496,0.019717713,0.199819778,0.780462509
7156799,0.038792304,0.276331014,0.684876682
6837521,0.070216825,0.228399877,0.701383297
6913204,0.1261286,0.332232779,0.541638621
6947516,0.03348691,0.272938321,0.693574769
6838117,0.010114544,0.116865149,0.873020307
6933366,0.043404985,0.187422852,0.769172163
7134198,0.031597189,0.302167202,0.66623561
6898450,0.034968135,0.255105901,0.709925963
6819926,0.048772122,0.204822594,0.746405284
6947698,0.144563739,0.425977515,0.429458746
6838721,0.003023302,0.07923026,0.917746438
6936661,0.044153823,0.268766679,0.687079498
6912257,0.194799754,0.437125345,0.368074901
6905569,0.062759483,0.187495383,0.749745134
6927167,0.110184404,0.327891066,0.561924529
7150689,0.011389525,0.10024391,0.888366565
6820358,0.046253568,0.297595911,0.65615052
6945045,0.062442914,0.18681518,0.750741907
6866884,0.451513277,0.35196381,0.196522913
6820658,0.021340622,0.181478525,0.797180854
6826462,0.382412597,0.442925772,0.174661632
6932390,0.055168146,0.316361484,0.62847037
6905031,0.341404833,0.38361059,0.274984578
6923011,0.172615809,0.412304038,0.415080153
6908504,0.049641561,0.301774338,0.648584101
6881050,0.260863758,0.357332844,0.381803398
6892968,0.039897188,0.218771883,0.741330929
7346996,0.072252547,0.255805658,0.671941796
6876206,0.012633059,0.140745102,0.846621838
6813475,0.061301889,0.214075256,0.724622855
7190057,0.022560467,0.132873394,0.844566139
6838465,0.019431752,0.182185354,0.798382895
6899364,0.527822241,0.38542493,0.086752829
6891616,0.003582142,0.045597328,0.95082053
6836715,0.013601532,0.115404007,0.87099446
6829616,0.032525723,0.24475665,0.722717627
6829144,0.00938261,0.084467614,0.906149776
6893064,0.022859913,0.21554174,0.761598347
6861300,0.01259852,0.171005537,0.816395942
6926847,0.038235249,0.263653005,0.698111747
6894021,0.034680347,0.162430804,0.802888849
6897946,0.020116718,0.144638843,0.835244438
6835716,0.018990788,0.157109944,0.823899269
6832160,0.114171608,0.304508659,0.581319733
6835291,0.010500125,0.136355818,0.853144057
6945184,0.002452917,0.101638563,0.89590852
7140488,0.10081587,0.418140801,0.481043329
6937850,0.048453227,0.240905667,0.710641106
6899603,0.054757016,0.170018641,0.775224344
6903105,0.49840183,0.403873231,0.097724939
6828476,0.016004259,0.183089764,0.800905976
6835098,0.017576985,0.139231058,0.843191957
6830512,0.020496471,0.168123322,0.811380207
6879997,0.138722375,0.281862875,0.57941475
7131517,0.078341129,0.231320236,0.690338635
6835955,0.185573354,0.33532241,0.479104236
6875250,0.008351799,0.110137727,0.881510474
6932794,0.060557174,0.392227515,0.547215311
6948263,0.029781118,0.268392192,0.70182669
6867201,0.174665069,0.397158395,0.428176536
6882748,0.019308157,0.175612715,0.805079128
6902842,0.26843657,0.34500047,0.38656296
6847535,0.028256792,0.174237129,0.797506079
6825267,0.181365125,0.330145364,0.488489511
6909277,0.014658837,0.113479279,0.871861883
7152429,0.552733459,0.424458903,0.022807638
6931179,0.007436306,0.131384883,0.861178811
6896746,0.09918091,0.285417292,0.615401798
6937073,0.009120795,0.105133809,0.885745396
6934627,0.006994487,0.058152192,0.934853322
6887878,0.064991835,0.240715045,0.69429312
6921531,0.033378902,0.174980909,0.791640189
6897461,0.008392878,0.100713117,0.890894005
6862066,0.016098659,0.202045245,0.781856096
6851531,0.121553131,0.355580563,0.522866306
6928550,0.005081534,0.074318273,0.920600193
6945851,0.020115037,0.157372887,0.822512076
6946955,0.004437589,0.070718394,0.924844018
6869136,0.379185193,0.432900799,0.187914008
6908667,0.072412294,0.338248982,0.589338724
6820525,0.039900622,0.226647486,0.733451892
6887970,0.0856821,0.280253294,0.634064606
6848365,0.042190527,0.238426724,0.719382749
6816173,0.007020305,0.166240754,0.826738941
6900732,0.011042798,0.102712435,0.886244767
6815786,0.043392474,0.20067844,0.755929085
6945972,0.046748923,0.227632219,0.725618858
6848445,0.037049981,0.168949908,0.794000111
6856486,0.048731353,0.246990156,0.704278491
6867010,0.045372656,0.330474994,0.624152349
6828257,0.022700609,0.141649918,0.835649472
6871807,0.041293548,0.247373059,0.711333393
7212966,0.004970863,0.071261018,0.923768119
6889959,0.035441441,0.190806586,0.773751972
6915510,0.018292497,0.197309014,0.784398489
6905402,0.064834057,0.277758268,0.657407675
6826100,0.352066403,0.44094503,0.206988567
6848893,0.011470618,0.150923703,0.837605679
7155647,0.063938132,0.227053571,0.709008297
6812883,0.415073624,0.348050477,0.236875899
6866095,0.014464613,0.153428812,0.832106574
6931127,0.010605282,0.179650362,0.809744356
6829407,0.008710415,0.090347559,0.900942026
6867548,0.091402887,0.325049678,0.583547435
7132575,0.152816614,0.507265696,0.33991769
6890847,0.018544913,0.152870354,0.828584733
6916429,0.015670333,0.116608783,0.867720884
6884716,0.088251607,0.255307,0.656441392
6896897,0.511277785,0.385527693,0.103194522
6941572,0.019149111,0.181778814,0.799072075
6945277,0.061317864,0.32173352,0.616948616
7133293,0.012317314,0.16359891,0.824083776
7213385,0.008684947,0.098207097,0.893107956
6831928,0.015219449,0.138981178,0.845799374
6932687,0.011023493,0.142837054,0.846139453
6873877,0.018027283,0.168379121,0.813593596
7135459,0.010719246,0.120902952,0.868377802
6876620,0.015228082,0.139019811,0.845752108
6936163,0.068461827,0.229019254,0.702518919
6912398,0.01495354,0.145940749,0.839105711
6917655,0.017289851,0.129371952,0.853338198
6941149,0.133041946,0.365531603,0.501426451
6941378,0.061668847,0.21390192,0.724429233
6882453,0.08233971,0.378727661,0.538932629
7119160,0.158704715,0.474394405,0.36690088
6868451,0.1225626,0.284446086,0.592991314
6945881,0.039766152,0.351244267,0.608989581
6822541,0.003445807,0.07302332,0.923530873
6884355,0.133255278,0.38823511,0.478509612
7132247,0.043930024,0.244137761,0.711932215
6872049,0.051044734,0.274694082,0.674261184
6890740,0.034671937,0.142743668,0.822584395
6840897,0.065284302,0.21430905,0.720406648
6847694,0.159293559,0.286714995,0.553991446
6938196,0.027213732,0.273391527,0.699394741
6939526,0.005262091,0.088933882,0.905804027
6917529,0.013081955,0.103925453,0.882992593
6885636,0.005473477,0.085385815,0.909140708
7202614,0.009135079,0.097577687,0.893287234
6926453,0.093080015,0.316317891,0.590602094
6844636,0.234087739,0.428552731,0.337359531
6879293,0.111599459,0.309875322,0.578525218
6924780,0.041547202,0.241013216,0.717439583
6881024,0.013057496,0.096454755,0.890487749
6851374,0.083992085,0.235319833,0.680688082
6850953,0.014334706,0.16640293,0.819262364
6892292,0.190889336,0.376134357,0.432976307
6886159,0.014888932,0.134055136,0.851055932
6849877,0.011162604,0.134011263,0.854826133
6940840,0.015107153,0.150501098,0.83439175
6926838,0.021736479,0.209823353,0.768440168
6879243,0.215436587,0.443191727,0.341371686
6944286,0.016010061,0.174195375,0.809794565
6915587,0.048263357,0.2475867,0.704149944
6881904,0.05537968,0.213068624,0.731551696
7154358,0.174042452,0.375926256,0.450031293
6899258,0.018533446,0.133424098,0.848042456
6855460,0.357627541,0.515867225,0.126505235
6864884,0.092095097,0.308728861,0.599176042
6868209,0.127382325,0.304608957,0.568008719
6853834,0.057346669,0.309050125,0.633603206
7210020,0.063885613,0.228915224,0.707199163
6933228,0.009102813,0.147456625,0.843440563
6929227,0.023933726,0.181462762,0.794603512
7192346,0.02479068,0.213031577,0.762177743
6928834,0.006355162,0.103211739,0.8904331
6812269,0.005341375,0.12688532,0.867773305
6851446,0.210580409,0.266574372,0.522845219
6930820,0.034044468,0.16931581,0.796639722
6875310,0.040707434,0.254176816,0.70511575
6932397,0.083234179,0.313664901,0.603100921
6904291,0.009969696,0.097325037,0.892705267
6921642,0.085078283,0.309818212,0.605103505
7136057,0.29292197,0.359445874,0.347632156
6920815,0.042616623,0.205356991,0.752026386
6861757,0.183364206,0.501749267,0.314886527
6934222,0.117914329,0.295750586,0.586335084
6946448,0.098858886,0.258067767,0.643073348
6890569,0.013883638,0.132792655,0.853323707
6884477,0.053606877,0.294602097,0.651791026
7145006,0.004205059,0.089948311,0.90584663
6893718,0.03882693,0.211954135,0.749218935
6893330,0.007556358,0.1037837,0.888659941
6901780,0.023209736,0.172038017,0.804752247
6815738,0.037723741,0.270458742,0.691817517
6917209,0.012049526,0.116443871,0.871506603
6904227,0.016507853,0.136479957,0.847012191
6894402,0.013778111,0.153167428,0.833054461
7146083,0.025627042,0.173889673,0.800483285
6902153,0.004122379,0.078447624,0.917429996
6925988,0.044221548,0.271362921,0.684415531
6881323,0.005628879,0.077121068,0.917250053
6937405,0.029347019,0.141870138,0.828782843
7098390,0.089061134,0.458544225,0.452394642
6935942,0.03216389,0.171930115,0.795905995
6833510,0.088186712,0.321863256,0.589950031
6812857,0.014249069,0.140008323,0.845742608
6828441,0.030925065,0.28469775,0.684377186
6915711,0.124076033,0.333391037,0.54253293
6880643,0.062616979,0.269060822,0.668322199
7224930,0.030608493,0.296006603,0.673384904
6852614,0.021574251,0.19980392,0.778621829
6853816,0.00565947,0.077259615,0.917080916
6811964,0.439276743,0.401969311,0.158753946
6847800,0.018894093,0.134720556,0.84638535
6859897,0.208451222,0.452396415,0.339152363
6882929,0.025228708,0.183071299,0.791699993
7157584,0.011314841,0.173683163,0.815001997
6863444,0.011652688,0.098073914,0.890273399
6836902,0.003684183,0.071179344,0.925136473
6918960,0.066962634,0.262696719,0.670340648
6882854,0.054201519,0.307300438,0.638498043
6822755,0.00283784,0.061143583,0.936018577
6815184,0.170802584,0.375550733,0.453646683
6846582,0.007300289,0.094835375,0.897864336
6940309,0.001543273,0.079578577,0.918878151
6924056,0.036570402,0.234792939,0.728636659
6824481,0.045766979,0.252909302,0.701323719
6839735,0.043249738,0.201523467,0.755226794
6900130,0.015051203,0.194657757,0.79029104
6946739,0.01086629,0.084450552,0.904683158
7144008,0.036708916,0.300813301,0.662477783
6863751,0.00226452,0.067106839,0.930628642
6820293,0.126526131,0.439053541,0.434420328
6818472,0.013946919,0.176430064,0.809623017
6832420,0.026045041,0.153116769,0.82083819
6879450,0.018742104,0.11123991,0.870017986
6943618,0.021665856,0.174206479,0.804127666
6883463,0.032861865,0.182946989,0.784191146
6834919,0.029908685,0.159290284,0.810801031
7505696,0.066158151,0.254834131,0.679007718
6903645,0.015579731,0.140608586,0.843811683
6831148,0.098399922,0.289481744,0.612118334
6828948,0.173196272,0.303111635,0.523692093
6878495,0.013900018,0.151425285,0.834674697
6924862,0.010069303,0.090054129,0.899876567
6887802,0.030573879,0.215705942,0.753720179
6903228,0.104927984,0.306303466,0.58876855
6947415,0.00055365,0.024880364,0.974565986
6941508,0.550369539,0.409383486,0.040246975
6856111,0.024451967,0.211963483,0.76358455
7126808,0.095910701,0.384343099,0.5197462
6939857,0.015903278,0.162984954,0.821111768
6822528,0.016627418,0.125823115,0.857549467
6947631,0.052935324,0.358732895,0.588331781
6887810,0.059536128,0.187391671,0.753072202
6849210,0.015981128,0.190856688,0.793162185
6901742,0.002888704,0.058911553,0.938199744
6850925,0.117692687,0.33923478,0.543072534
7181995,0.164146788,0.290171585,0.545681627
6841559,0.006991696,0.076991007,0.916017297
6822957,0.005256724,0.09036288,0.904380396
6943349,0.013606809,0.130419486,0.855973705
6923825,0.015327459,0.13302006,0.851652481
6871218,0.479484802,0.403433532,0.117081666
6932761,0.160522154,0.417992368,0.421485479
7168983,0.016409362,0.168963316,0.814627322
6853713,0.096752607,0.243385704,0.65986169
6814124,0.02573666,0.247096261,0.727167079
6828980,0.005720417,0.187780182,0.806499401
6939747,0.010951771,0.153242029,0.8358062
6862615,0.023883201,0.163328191,0.812788608
6911182,0.412938413,0.359093786,0.227967801
6947421,0.061588815,0.252976395,0.68543479
7163662,0.013060058,0.109234817,0.877705125
6933362,0.125618755,0.384861307,0.489519938
6822086,0.426229997,0.447479286,0.126290717
6939543,0.032720225,0.169054547,0.798225228
6882675,0.05114633,0.265350989,0.683502681
6925986,0.002910978,0.091648875,0.905440147
6927417,0.028395985,0.210116257,0.761487758
6824119,0.033149504,0.304239908,0.662610588
6923589,0.060763913,0.259948279,0.679287807
7205380,0.003654393,0.06715459,0.929191017
6904992,0.064742555,0.238679526,0.696577919
6857676,0.033299361,0.194825285,0.771875353
6942001,0.078463087,0.308602703,0.61293421
7187800,0.013405514,0.141751964,0.844842522
6877985,0.082040798,0.242268636,0.675690566
6821414,0.019017882,0.288464215,0.692517903
6864512,0.025452181,0.207659628,0.766888191
6827448,0.264577616,0.272270348,0.463152036
6908603,0.014065409,0.164295127,0.821639464
7229431,0.048338832,0.295756678,0.65590449
6887335,0.02139726,0.141040132,0.837562608
6882828,0.021110603,0.163216939,0.815672457
6899958,0.015372274,0.129164012,0.855463713
6824008,0.024297684,0.123035457,0.852666859
6903906,0.053220763,0.209727255,0.737051982
7115894,0.2879142,0.42906271,0.28302309
6941723,0.018335346,0.159303954,0.822360699
6839785,0.183680614,0.420635102,0.395684284
6886776,0.111089057,0.201961338,0.686949605
6916643,0.026124863,0.157850647,0.81602449
6913846,0.052999223,0.276861645,0.670139131
6890122,0.014983791,0.175828789,0.809187419
6835099,0.00990881,0.168651388,0.821439802
6945428,0.024099338,0.141537471,0.834363192
6887669,0.024391185,0.216676786,0.758932029
6935132,0.003310714,0.053246312,0.943442974
6857587,0.010134008,0.10348294,0.886383052
6935498,0.053238085,0.268361641,0.678400274
6947868,0.125792557,0.410755561,0.463451881
6850003,0.223087644,0.430419176,0.346493181
6852354,0.022086187,0.218770803,0.75914301
6919832,0.00921937,0.180041501,0.810739129
6812510,0.007658877,0.097160926,0.895180197
6896715,0.169176819,0.443174575,0.387648607
7227507,0.244339155,0.419010926,0.336649918
6887453,0.01718228,0.138788899,0.844028821
6921056,0.025739121,0.192476279,0.781784601
6932635,0.045020061,0.216535865,0.738444074
6893393,0.008692471,0.140840926,0.850466602
6940659,0.084868828,0.204589693,0.71054148
6891517,0.012324704,0.12172183,0.865953465
6818991,0.109632861,0.330943221,0.559423918
6899307,0.020019651,0.184649806,0.795330543
7175517,0.019035852,0.128430031,0.852534117
6895415,0.040371651,0.217092673,0.742535677
6945124,0.045176309,0.176347037,0.778476654
6878796,0.145735315,0.407656031,0.446608654
6901435,0.055914429,0.213058819,0.731026752
7098987,0.548559274,0.382364465,0.069076262
6868925,0.037371842,0.186190173,0.776437985
6862452,0.208339888,0.326066776,0.465593335
6904865,0.003359293,0.064646134,0.931994574
6872445,0.067058313,0.304991221,0.627950466
6816856,0.01280998,0.133646554,0.853543466
6910410,0.004914789,0.11142365,0.883661561
6847518,0.209282074,0.428653721,0.362064205
6860992,0.02432191,0.162996526,0.812681564
7093387,0.093443716,0.425370219,0.481186066
6891540,0.018385853,0.161363327,0.82025082
6928645,0.0111371,0.103562801,0.885300099
6874105,0.012253077,0.092187739,0.895559184
6819576,0.093624362,0.280409632,0.625966006
6817538,0.007818883,0.088680242,0.903500875
6819741,0.047377306,0.176291431,0.776331263
6878626,0.232783499,0.419347425,0.347869076
6901210,0.059338559,0.23091111,0.709750331
6888879,0.041474117,0.258272716,0.700253167
6888947,0.085078283,0.309818212,0.605103505
6883374,0.002488928,0.056935921,0.940575151
6836031,0.006452923,0.082067058,0.911480018
6851387,0.008680205,0.087396595,0.9039232
6907149,0.109401332,0.296605971,0.593992697
6882595,0.400051865,0.443485391,0.156462743
6816916,0.06874988,0.286274251,0.644975869
6878470,0.005500791,0.090228286,0.904270923
6865752,0.083998739,0.316989036,0.599012225
7217321,0.045514217,0.211073824,0.74341196
6944366,0.089299608,0.333108775,0.577591617
6918425,0.459321901,0.454810593,0.085867506
6821736,0.00742881,0.29727579,0.6952954
6936271,0.138732877,0.41157882,0.449688303
6874179,0.078670233,0.31182177,0.609507997
7135281,0.007491245,0.123279198,0.869229557
6942663,0.137796573,0.456848267,0.405355161
6903026,0.17544221,0.348456649,0.476101141
6824421,0.057051555,0.307935697,0.635012748
6820128,0.008088099,0.079849431,0.91206247
6850604,0.082988982,0.331076536,0.585934481
7120955,0.00424625,0.108704277,0.887049473
6847409,0.031959801,0.210472519,0.75756768
7056210,0.013416761,0.102977357,0.883605882
6939935,0.001201441,0.047792009,0.95100655
6844699,0.249433653,0.409432701,0.341133646
6833246,0.235126765,0.410723405,0.35414983
6845220,0.178756244,0.440734865,0.38050889
6824273,0.391595206,0.385969309,0.222435485
6873326,0.3595001,0.407329805,0.233170096
6941227,0.01995492,0.162557733,0.817487347
6899355,0.001766866,0.061003578,0.937229556
6880235,0.159153219,0.292657089,0.548189692
6850018,0.087623636,0.419328414,0.49304795
6818489,0.28514905,0.430700787,0.284150163
7159592,0.011962917,0.172287947,0.815749135
7200711,0.073053721,0.386794214,0.540152065
6842278,0.0070262,0.128876791,0.864097009
6829488,0.037524611,0.238896811,0.723578578
6916976,0.004558002,0.089431405,0.906010593
6863573,0.164515206,0.278309417,0.557175377
6900303,0.002147129,0.042700245,0.955152625
6830686,0.258948478,0.299644032,0.44140749
7088285,0.029685015,0.196340903,0.773974082
6875119,0.298457238,0.387624943,0.313917819
6852969,0.006614623,0.102220678,0.891164699
6834964,0.005398405,0.053868892,0.940732703
6888066,0.093801266,0.255451558,0.650747176
6862580,0.023215107,0.229126274,0.747658619
6902903,0.277983061,0.319868747,0.402148192
6940227,0.038751359,0.205793263,0.755455379
7094978,0.01237258,0.13062408,0.85700334
6849775,0.026800403,0.240533507,0.73266609
6852514,0.034926639,0.161728555,0.803344806
6908752,0.078950755,0.21613259,0.704916656
6926813,0.031967982,0.214434081,0.753597937
6867168,0.127059018,0.306890847,0.566050136
6916938,0.003846621,0.07024898,0.925904399
7217282,0.435177324,0.368620115,0.196202561
6830318,0.539408494,0.369863914,0.090727592
6841129,0.040734507,0.239802538,0.719462955
6933898,0.02234359,0.180397691,0.797258719
6852224,0.021656975,0.204602879,0.773740146
6855108,0.166681213,0.507565822,0.325752965
6857681,0.162273102,0.481048161,0.356678737
7167282,0.003406325,0.102979057,0.893614618
6939214,0.016772808,0.146400421,0.836826771
6922283,0.04302399,0.206288588,0.750687421
6859605,0.009218508,0.109980417,0.880801075
6904148,0.011637313,0.12601841,0.862344277
6882954,0.198967361,0.442833337,0.358199303
6939093,0.006839175,0.092858489,0.900302337
6831383,0.008286337,0.092962206,0.898751457
6894471,0.007143764,0.076330486,0.91652575
6931008,0.10997286,0.320999557,0.569027583
6838588,0.085076322,0.263320289,0.651603388
6851730,0.040430333,0.214976551,0.744593116
6911988,0.015957437,0.179473516,0.804569048
6814325,0.037555997,0.236789303,0.7256547
6838809,0.04276344,0.240126907,0.717109653
6822777,0.242170361,0.462333356,0.295496282
6887378,0.020741332,0.166244462,0.813014206
6913098,0.008556364,0.109688747,0.881754888
6936520,0.333912926,0.389690272,0.276396802
