listing_id,high,medium,low
7142618,0.105,0.382,0.513
7210040,0.183,0.546,0.271
7103890,0.053,0.17,0.777
7143442,0.12,0.336,0.544
6860601,0.031,0.283,0.686
6840081,0.0,0.05,0.95
6922337,0.075,0.647,0.278
6913616,0.218,0.572,0.21
6937820,0.04,0.243,0.717
6893933,0.018,0.162333333333,0.819666666667
6832604,0.006,0.031,0.963
6915282,0.167,0.444,0.389
7127565,0.011,0.192,0.797
6827899,0.025,0.121,0.854
6934855,0.008,0.061,0.931
6861826,0.017,0.195,0.788
6871643,0.029,0.34,0.631
6842542,0.006,0.056,0.938
6934145,0.012,0.0793333333333,0.908666666667
6829365,0.361,0.325,0.314
7167858,0.0474523809524,0.202,0.750547619048
6859483,0.029,0.2875,0.6835
6861377,0.056,0.289,0.655
6848960,0.204,0.288,0.508
6918850,0.007,0.089,0.904
6916867,0.282,0.266,0.452
6895840,0.013,0.116,0.871
6813539,0.436,0.383,0.181
7116900,0.077,0.250666666667,0.672333333333
6890328,0.434083333333,0.24,0.325916666667
6879406,0.093,0.245,0.662
6824924,0.113,0.331,0.556
6911302,0.069,0.093,0.838
6918742,0.09,0.812,0.098
6910586,0.019,0.159,0.822
6821750,0.014,0.117,0.869
6860647,0.036,0.187,0.777
6932873,0.06,0.429,0.511
6846053,0.009,0.142,0.849
6940365,0.056,0.408,0.536
6931867,0.013,0.193,0.794
6876383,0.116266666667,0.188733333333,0.695
6910980,0.18225,0.58075,0.237
6880877,0.139,0.496,0.365
6839552,0.054,0.644,0.302
6838051,0.353,0.47,0.177
6928201,0.379,0.407,0.214
6945608,0.122,0.706,0.172
6816147,0.075,0.2075,0.7175
6868129,0.057,0.418,0.525
6849448,0.023,0.324,0.653
7113677,0.61,0.274,0.116
6930856,0.015,0.1645,0.8205
6889594,0.114,0.42,0.466
6842682,0.012,0.169,0.819
6880366,0.146,0.49,0.364
6835063,0.0,0.021,0.979
6820479,0.303,0.278,0.419
6882057,0.025,0.38,0.595
6834440,0.022,0.256,0.722
6880846,0.002,0.01,0.988
6847248,0.0,0.021,0.979
6868368,0.006,0.032,0.962
6943505,0.012,0.056,0.932
7174304,0.023,0.156,0.821
6880747,0.044,0.09,0.866
6933565,0.05,0.261,0.689
6888511,0.016,0.042,0.942
6942704,0.052,0.381,0.567
6840304,0.112,0.355,0.533
6856860,0.005,0.067,0.928
6884921,0.002,0.0095,0.9885
6937417,0.008,0.139,0.853
6831129,0.0,0.04,0.96
6936660,0.123,0.513,0.364
6940667,0.003,0.074,0.923
7201307,0.0,0.006,0.994
6825434,0.021,0.15,0.829
6848114,0.04,0.096,0.864
6947758,0.712,0.091,0.197
6897002,0.035,0.335,0.63
6926661,0.002,0.085,0.913
6867411,0.07,0.28,0.65
6910154,0.023,0.168383333333,0.808616666667
7157900,0.057,0.257,0.686
6922324,0.065,0.281,0.654
6863068,0.041,0.181,0.778
6912109,0.018,0.198,0.784
6918609,0.021,0.174,0.805
6889300,0.159,0.261,0.58
6837794,0.114,0.314,0.572
6943098,0.302,0.18,0.518
6927601,0.112,0.348,0.54
6897826,0.01,0.147,0.843
6882892,0.015,0.042,0.943
6873384,0.407,0.318,0.275
6934693,0.0494,0.2156,0.735
7224450,0.041,0.263,0.696
6898157,0.018,0.089,0.893
6837355,0.001,0.047,0.952
6830595,0.153,0.58,0.267
6943561,0.125,0.471,0.404
6844380,0.296,0.38,0.324
6814286,0.031,0.131,0.838
6898520,0.190880952381,0.485119047619,0.324
6940979,0.510833333333,0.240666666667,0.2485
6851090,0.3868,0.3668,0.2464
7107169,0.044,0.298,0.658
6830287,0.354166666667,0.151,0.494833333333
6933575,0.107,0.664,0.229
6938972,0.019,0.182,0.799
6888315,0.007,0.028,0.965
6855106,0.014,0.103,0.883
6838237,0.208,0.525,0.267
6901024,0.063,0.258666666667,0.678333333333
6846627,0.022,0.181,0.797
7219857,0.002,0.026,0.972
6852685,0.019,0.236,0.745
6831610,0.142,0.464,0.394
6943538,0.133,0.539,0.328
6911637,0.01,0.031,0.959
6854543,0.087,0.125,0.788
6940451,0.041,0.342,0.617
6819530,0.502,0.278,0.22
7093396,0.02,0.196,0.784
6840326,0.017,0.076,0.907
6834204,0.055,0.089,0.856
6902518,0.145,0.319,0.536
6930253,0.084,0.263333333333,0.652666666667
6828293,0.001,0.12,0.879
7203744,0.447,0.158,0.395
6816478,0.054,0.429,0.517
6868890,0.009,0.081,0.91
6879338,0.064,0.4765,0.4595
6898532,0.093,0.198,0.709
6899965,0.01,0.115,0.875
7133875,0.015,0.052,0.933
6822218,0.149,0.281,0.57
6814018,0.279666666667,0.16,0.560333333333
6896376,0.076,0.311,0.613
6918670,0.167,0.274,0.559
6867839,0.0,0.01,0.99
6823554,0.002,0.091,0.907
6934798,0.0895,0.170833333333,0.739666666667
6820823,0.158,0.434,0.408
6880212,0.041,0.101,0.858
6934814,0.025,0.2,0.775
7254134,0.104,0.146,0.75
6938303,0.262,0.59,0.148
6813807,0.175,0.482,0.343
6878604,0.007,0.095,0.898
6876763,0.048,0.133,0.819
6844352,0.004,0.065,0.931
6915939,0.185,0.503,0.312
7109370,0.136,0.364,0.5
6855445,0.14,0.197,0.663
6818668,0.01,0.325,0.665
6836527,0.001,0.004,0.995
6831717,0.037,0.147,0.816
6937162,0.089,0.441,0.47
6922876,0.009,0.076,0.915
7109482,0.045,0.338,0.617
6940972,0.086,0.327,0.587
6883790,0.092,0.417833333333,0.490166666667
6921643,0.019,0.317,0.664
6935700,0.021,0.214,0.765
6827025,0.034,0.264,0.702
6943096,0.13,0.197833333333,0.672166666667
7161468,0.0283333333333,0.179,0.792666666667
6879610,0.019,0.163,0.818
6935762,0.062,0.3069,0.6311
6925042,0.016,0.0946666666667,0.889333333333
7121050,0.102,0.177,0.721
6821601,0.057,0.156,0.787
6926810,0.013,0.051,0.936
6946532,0.048,0.173,0.779
6875171,0.0595,0.4095,0.531
7096285,0.121666666667,0.2855,0.592833333333
6812321,0.025,0.108,0.867
6822697,0.137,0.296333333333,0.566666666667
6941294,0.003,0.103,0.894
6873564,0.006,0.012,0.982
6926791,0.022,0.311,0.667
7142444,0.632,0.25,0.118
6878128,0.101,0.607,0.292
6927428,0.075,0.379,0.546
6812674,0.002,0.011,0.987
6881774,0.232,0.327,0.441
7167797,0.0,0.026,0.974
6865238,0.072,0.581,0.347
6841710,0.186,0.242,0.572
6856334,0.009,0.033,0.958
6906462,0.005,0.176,0.819
6837438,0.1375,0.332333333333,0.530166666667
6908277,0.113,0.57725,0.30975
6841291,0.018,0.154,0.828
6915178,0.292,0.451,0.257
6893031,0.164,0.547,0.289
6894985,0.26975,0.513,0.21725
6931134,0.092,0.3,0.608
6872264,0.569,0.262,0.169
6816953,0.169366666667,0.266,0.564633333333
7163518,0.342,0.367,0.291
6893253,0.044,0.219,0.737
6943822,0.073,0.267,0.66
6946313,0.049,0.195,0.756
6839443,0.014,0.083,0.903
6911338,0.038,0.291333333333,0.670666666667
7223877,0.534,0.237,0.229
6917884,0.04,0.288,0.672
6823126,0.004,0.02,0.976
6939488,0.229833333333,0.39,0.380166666667
7196924,0.049,0.208,0.743
6905685,0.055,0.151,0.794
6894092,0.007,0.023,0.97
6812181,0.05,0.267,0.683
6854610,0.032,0.313333333333,0.654666666667
6873754,0.111,0.43,0.459
6859181,0.947,0.033,0.02
6825402,0.011,0.144,0.845
6819526,0.04,0.115,0.845
6896065,0.003,0.026,0.971
6931793,0.0847666666667,0.3419,0.573333333333
6907360,0.027,0.19,0.783
6813182,0.03,0.199,0.771
6823959,0.07,0.225,0.705
6942189,0.242,0.397,0.361
6844384,0.05,0.208,0.742
6836888,0.357,0.292,0.351
6917844,0.079,0.161,0.76
6937842,0.086,0.406,0.508
6926917,0.12825,0.291,0.58075
7160740,0.121,0.233,0.646
6936310,0.054,0.501166666667,0.444833333333
6849109,0.224,0.41,0.366
6831018,0.002,0.025,0.973
6909842,0.003,0.027,0.97
6861360,0.0,0.041,0.959
6883414,0.034,0.261,0.705
6876026,0.154,0.227333333333,0.618666666667
7095390,0.0,0.004,0.996
6932265,0.598,0.232,0.17
6870949,0.086,0.26,0.654
6831335,0.045,0.359,0.596
6895698,0.173,0.238,0.589
6889889,0.15,0.299666666667,0.550333333333
6876679,0.06,0.166066666667,0.773933333333
6947097,0.492,0.144,0.364
6874970,0.03,0.144,0.826
6831069,0.214,0.701,0.085
6833628,0.052,0.139,0.809
6819282,0.087,0.399,0.514
6825025,0.03,0.178,0.792
6856513,0.034,0.252,0.714
6928711,0.001,0.018,0.981
6832548,0.101,0.3,0.599
6881870,0.028,0.203,0.769
6866978,0.3565,0.471,0.1725
7163400,0.342,0.367,0.291
6917187,0.246,0.575,0.179
6927475,0.031,0.334,0.635
6903243,0.05,0.291,0.659
6876188,0.015,0.052,0.933
6922219,0.02,0.072,0.908
7104085,0.002,0.001,0.997
6920897,0.103,0.327,0.57
6812177,0.043,0.209,0.748
6941047,0.035,0.532,0.433
6827609,0.008,0.069,0.923
6934328,0.008,0.12,0.872
6937556,0.503,0.3285,0.1685
6879765,0.062,0.546,0.392
6942927,0.004,0.093,0.903
6945170,0.062,0.36,0.578
6901915,0.122,0.282,0.596
6824475,0.033,0.382,0.585
6832968,0.0626666666667,0.298033333333,0.6393
7166718,0.0,0.057,0.943
6905079,0.009,0.178,0.813
6940297,0.094,0.7535,0.1525
6911080,0.039,0.526,0.435
6917208,0.042,0.327,0.631
6858925,0.123,0.362,0.515
7169883,0.154,0.399666666667,0.446333333333
6944112,0.276,0.4815,0.2425
6885816,0.019,0.118,0.863
6837733,0.035,0.087,0.878
6828658,0.12,0.2,0.68
6839429,0.151,0.36075,0.48825
7164794,0.026,0.139,0.835
6837661,0.114,0.237,0.649
6883255,0.008,0.152,0.84
6833054,0.048,0.284,0.668
7675463,0.098,0.347,0.555
6871526,0.189,0.198,0.613
6876295,0.075,0.333,0.592
7204045,0.006,0.109,0.885
6840357,0.1475,0.413833333333,0.438666666667
6917531,0.006,0.076,0.918
6886057,0.417333333333,0.327666666667,0.255
6833734,0.0537666666667,0.428233333333,0.518
6908098,0.024,0.158,0.818
6860562,0.009,0.107,0.884
6859167,0.163,0.322,0.515
6812141,0.012,0.125166666667,0.862833333333
6919431,0.005,0.085,0.91
6869389,0.048,0.212,0.74
6906034,0.023,0.097,0.88
7108495,0.001,0.003,0.996
6864681,0.002,0.031,0.967
6893982,0.021,0.116,0.863
6862160,0.011,0.0757333333333,0.913266666667
6854804,0.083,0.262,0.655
7143164,0.015,0.377,0.608
6936651,0.055,0.223,0.722
6837450,0.039,0.227,0.734
6908259,0.89,0.042,0.068
6916539,0.073,0.22,0.707
6947176,0.074,0.257,0.669
6933958,0.271666666667,0.447,0.281333333333
6816549,0.2,0.544,0.256
6876117,0.005,0.112,0.883
6848605,0.027,0.279,0.694
6840659,0.023,0.092,0.885
6823496,0.306,0.382,0.312
6912609,0.0,0.002,0.998
7097937,0.021,0.067,0.912
6924524,0.029,0.3,0.671
6938236,0.023,0.09,0.887
6865751,0.004,0.017,0.979
6936323,0.008,0.091,0.901
6868422,0.1606,0.2854,0.554
7210133,0.0225,0.296,0.6815
7215631,0.01,0.105,0.885
6940189,0.042,0.323333333333,0.634666666667
6888941,0.01,0.028,0.962
6831598,0.037,0.366,0.597
6939963,0.012,0.23225,0.75575
6897175,0.393,0.364,0.243
6816167,0.053,0.115,0.832
6812965,0.019,0.172,0.809
7149372,0.339,0.458,0.203
6875959,0.007,0.061,0.932
6925644,0.051,0.516,0.433
6874269,0.045,0.398,0.557
6814721,0.016,0.12,0.864
6922432,0.027,0.339,0.634
6858861,0.028,0.195,0.777
6835339,0.0,0.003,0.997
6896997,0.294,0.319,0.387
6921134,0.002,0.031,0.967
6883685,0.181,0.396,0.423
6911406,0.0,0.006,0.994
6825733,0.414,0.341,0.245
6884462,0.271,0.424,0.305
6858682,0.023,0.069,0.908
6894013,0.26,0.391,0.349
6856391,0.472,0.263,0.265
6828064,0.003,0.058,0.939
6817336,0.002,0.063,0.935
6819178,0.07,0.285,0.645
7147339,0.127,0.376,0.497
6887757,0.14,0.5,0.36
6946859,0.069,0.388,0.543
6855963,0.011,0.062,0.927
6839828,0.066,0.277,0.657
6870806,0.073,0.569,0.358
6880221,0.074,0.371,0.555
6921809,0.118,0.312166666667,0.569833333333
6897069,0.016,0.232,0.752
6897157,0.205,0.498,0.297
6898912,0.028,0.281,0.691
6856271,0.149,0.310916666667,0.540083333333
6888381,0.0,0.005,0.995
7099191,0.001,0.031,0.968
6917882,0.127,0.485,0.388
6931260,0.004,0.024,0.972
6849996,0.052,0.527,0.421
6887973,0.061,0.299,0.64
6850205,0.222,0.535,0.243
6845657,0.079,0.335,0.586
6930302,0.003,0.026,0.971
6852391,0.062,0.159,0.779
6920411,0.312833333333,0.332,0.355166666667
6907999,0.006,0.077,0.917
6864094,0.021,0.312,0.667
6813852,0.1415,0.331666666667,0.526833333333
7232295,0.2465,0.4495,0.304
6896558,0.086,0.22,0.694
6858919,0.046,0.655,0.299
6847828,0.043,0.1135,0.8435
6925116,0.175,0.318,0.507
6854687,0.077,0.274708333333,0.648291666667
6946415,0.088,0.446,0.466
6827859,0.0,0.0,1.0
6884313,0.414033333333,0.415466666667,0.1705
6848651,0.078,0.382616666667,0.539383333333
7136298,0.027,0.142,0.831
6874534,0.025,0.182,0.793
6908942,0.24,0.542,0.218
6894718,0.001,0.041,0.958
6876449,0.109,0.17625,0.71475
6825630,0.087,0.334,0.579
7155655,0.03,0.231,0.739
7201310,0.013,0.079,0.908
6864334,0.006,0.066,0.928
6876658,0.015,0.13,0.855
6842370,0.0893333333333,0.186,0.724666666667
6835467,0.2665,0.305666666667,0.427833333333
7227368,0.031,0.161,0.808
6859482,0.0436666666667,0.1819,0.774433333333
6878641,0.033,0.143666666667,0.823333333333
6869916,0.0,0.003,0.997
6841060,0.006,0.135,0.859
6887832,0.022,0.204,0.774
6905898,0.057,0.076,0.867
7104742,0.219,0.552,0.229
6948090,0.033,0.293,0.674
6839851,0.119833333333,0.334,0.546166666667
6934051,0.003,0.049,0.948
6888727,0.26,0.370666666667,0.369333333333
7167478,0.028,0.032,0.94
6892109,0.138,0.724,0.138
6908544,0.308666666667,0.345333333333,0.346
6921725,0.031,0.283,0.686
6932343,0.107,0.57,0.323
6914309,0.021,0.1935,0.7855
6919805,0.083,0.173,0.744
6947828,0.044,0.193,0.763
6920362,0.067,0.193,0.74
7110179,0.506,0.302,0.192
6877834,0.21,0.491,0.299
6876966,0.057,0.279,0.664
6823918,0.04,0.132,0.828
6871243,0.007,0.092,0.901
6928189,0.2062,0.3328,0.461
6852455,0.122,0.267,0.611
7208631,0.037,0.254,0.709
6831811,0.191,0.5,0.309
6904276,0.026,0.108,0.866
6831589,0.054,0.288,0.658
6901814,0.028,0.122,0.85
6854667,0.854,0.087,0.059
7192650,0.004,0.0495,0.9465
6836299,0.037,0.14,0.823
6887919,0.001,0.1374,0.8616
6927679,0.094,0.418,0.488
6855908,0.052,0.29,0.658
6854766,0.017,0.113,0.87
6847472,0.038,0.16,0.802
6862519,0.04,0.274,0.686
6938819,0.419666666667,0.253,0.327333333333
6945434,0.106,0.279,0.615
6832722,0.542,0.147,0.311
6852707,0.02,0.115,0.865
7177680,0.019,0.323,0.658
6834945,0.0,0.004,0.996
6890316,0.042,0.283,0.675
6816620,0.006,0.051,0.943
6945175,0.014,0.135,0.851
6914016,0.031,0.178,0.791
6852619,0.109280952381,0.214719047619,0.676
6813211,0.153,0.442,0.405
6820546,0.037,0.139,0.824
6836128,0.006,0.051,0.943
6850557,0.124,0.586,0.29
6864997,0.045,0.173,0.782
6883705,0.042,0.127,0.831
6898767,0.002,0.057,0.941
6866020,0.033,0.063,0.904
7126382,0.452,0.345,0.203
6847427,0.153583333333,0.432,0.414416666667
6841013,0.038,0.178,0.784
6909469,0.0,0.008,0.992
6922473,0.002,0.042,0.956
6925906,0.036,0.391483333333,0.572516666667
6946014,0.132,0.316,0.552
6820739,0.039,0.26,0.701
6927559,0.505,0.245,0.25
7174772,0.004,0.079,0.917
6931036,0.025,0.304,0.671
6918163,0.018,0.158,0.824
6893604,0.151666666667,0.397,0.451333333333
6868844,0.069,0.278,0.653
6814537,0.614,0.242,0.144
6916118,0.002,0.007,0.991
6838509,0.051,0.223,0.726
6919725,0.18,0.546,0.274
6932476,0.0,0.008,0.992
6860496,0.017,0.727,0.256
7156799,0.0818333333333,0.5515,0.366666666667
6837521,0.021,0.17,0.809
6913204,0.038,0.385,0.577
6947516,0.063,0.38,0.557
6838117,0.047,0.1205,0.8325
6933366,0.021,0.126,0.853
7134198,0.05,0.163,0.787
6898450,0.059,0.341,0.6
6819926,0.053,0.18,0.767
6947698,0.045,0.227,0.728
6838721,0.002,0.011,0.987
6936661,0.023,0.535,0.442
6912257,0.049,0.272,0.679
6905569,0.004,0.035,0.961
6927167,0.326,0.3185,0.3555
7150689,0.018,0.108033333333,0.873966666667
6820358,0.155,0.166,0.679
6945045,0.049,0.317,0.634
6866884,0.034,0.1,0.866
6820658,0.097,0.339,0.564
6826462,0.034,0.579,0.387
6932390,0.025,0.144,0.831
6905031,0.487,0.415,0.098
6923011,0.008,0.086,0.906
6908504,0.196,0.412,0.392
6881050,0.20035,0.2045,0.59515
6892968,0.021,0.132,0.847
7346996,0.116,0.552,0.332
6876206,0.026,0.114,0.86
6813475,0.037,0.25,0.713
7190057,0.129,0.222,0.649
6838465,0.209,0.225,0.566
6899364,0.078,0.114,0.808
6891616,0.0,0.001,0.999
6836715,0.017,0.128,0.855
6829616,0.008,0.115,0.877
6829144,0.048,0.575,0.377
6893064,0.032,0.24,0.728
6861300,0.004,0.127,0.869
6926847,0.031,0.534,0.435
6894021,0.012,0.13,0.858
6897946,0.016,0.243,0.741
6835716,0.108,0.305,0.587
6832160,0.325,0.398,0.277
6835291,0.029,0.114,0.857
6945184,0.051,0.159,0.79
7140488,0.04,0.30825,0.65175
6937850,0.096,0.200416666667,0.703583333333
6899603,0.056,0.114,0.83
6903105,0.173,0.2555,0.5715
6828476,0.014,0.092,0.894
6835098,0.003,0.03,0.967
6830512,0.0686666666667,0.172333333333,0.759
6879997,0.031,0.07,0.899
7131517,0.085,0.349333333333,0.565666666667
6835955,0.181833333333,0.5125,0.305666666667
6875250,0.037,0.178,0.785
6932794,0.11,0.413,0.477
6948263,0.045,0.488,0.467
6867201,0.19,0.578,0.232
6882748,0.204,0.207,0.589
6902842,0.101,0.247,0.652
6847535,0.129,0.355,0.516
6825267,0.068,0.215666666667,0.716333333333
6909277,0.061,0.091,0.848
7152429,0.3884,0.4171,0.1945
6931179,0.001,0.021,0.978
6896746,0.229666666667,0.374333333333,0.396
6937073,0.006,0.236,0.758
6934627,0.002,0.008,0.99
6887878,0.201,0.3055,0.4935
6921531,0.018,0.171,0.811
6897461,0.003,0.038,0.959
6862066,0.189,0.36,0.451
6851531,0.11625,0.39105,0.4927
6928550,0.064,0.126,0.81
6945851,0.008,0.111,0.881
6946955,0.002,0.02,0.978
6869136,0.234,0.541,0.225
6908667,0.0395,0.239033333333,0.721466666667
6820525,0.229,0.306,0.465
6887970,0.096,0.47,0.434
6848365,0.048,0.469,0.483
6816173,0.041,0.198,0.761
6900732,0.0,0.011,0.989
6815786,0.089,0.401,0.51
6945972,0.166833333333,0.453166666667,0.38
6848445,0.048,0.205,0.747
6856486,0.153,0.461,0.386
6867010,0.043,0.2516,0.7054
6828257,0.271,0.286,0.443
6871807,0.029,0.197,0.774
7212966,0.0,0.032,0.968
6889959,0.166333333333,0.364,0.469666666667
6915510,0.004,0.08,0.916
6905402,0.016,0.15,0.834
6826100,0.094,0.533,0.373
6848893,0.022,0.268,0.71
7155647,0.173,0.209,0.618
6812883,0.16575,0.76825,0.066
6866095,0.003,0.053,0.944
6931127,0.008,0.081,0.911
6829407,0.007,0.105333333333,0.887666666667
6867548,0.267416666667,0.452833333333,0.27975
7132575,0.023,0.24,0.737
6890847,0.028,0.161,0.811
6916429,0.009,0.027,0.964
6884716,0.386,0.446666666667,0.167333333333
6896897,0.421333333333,0.406,0.172666666667
6941572,0.032,0.155,0.813
6945277,0.075,0.441,0.484
7133293,0.006,0.097,0.897
7213385,0.017,0.1125,0.8705
6831928,0.126,0.343333333333,0.530666666667
6932687,0.008,0.103,0.889
6873877,0.015,0.08,0.905
7135459,0.28405,0.289,0.42695
6876620,0.0,0.025,0.975
6936163,0.005,0.157,0.838
6912398,0.244,0.2755,0.4805
6917655,0.015,0.113,0.872
6941149,0.025,0.137,0.838
6941378,0.029,0.061,0.91
6882453,0.02,0.189,0.791
7119160,0.04,0.185,0.775
6868451,0.042,0.375,0.583
6945881,0.058,0.248,0.694
6822541,0.113,0.215,0.672
6884355,0.0995,0.2985,0.602
7132247,0.029,0.242,0.729
6872049,0.091,0.383,0.526
6890740,0.011,0.122,0.867
6840897,0.076,0.271,0.653
6847694,0.024,0.127,0.849
6938196,0.009,0.268,0.723
6939526,0.063,0.3055,0.6315
6917529,0.002,0.021,0.977
6885636,0.004,0.151,0.845
7202614,0.005,0.015,0.98
6926453,0.155,0.535,0.31
6844636,0.268,0.203,0.529
6879293,0.58,0.304,0.116
6924780,0.082,0.276333333333,0.641666666667
6881024,0.012,0.035,0.953
6851374,0.14,0.334,0.526
6850953,0.013,0.13,0.857
6892292,0.008,0.094,0.898
6886159,0.006,0.082,0.912
6849877,0.159,0.271,0.57
6940840,0.008,0.143,0.849
6926838,0.031,0.366,0.603
6879243,0.244,0.385,0.371
6944286,0.0875,0.273416666667,0.639083333333
6915587,0.228666666667,0.498166666667,0.273166666667
6881904,0.061,0.2672,0.6718
7154358,0.185666666667,0.249333333333,0.565
6899258,0.001,0.112,0.887
6855460,0.201,0.565,0.234
6864884,0.016,0.155,0.829
6868209,0.131,0.3365,0.5325
6853834,0.077,0.314,0.609
7210020,0.09,0.363,0.547
6933228,0.043,0.193,0.764
6929227,0.129,0.323416666667,0.547583333333
7192346,0.08,0.299,0.621
6928834,0.014,0.096,0.89
6812269,0.028,0.172,0.8
6851446,0.077,0.189,0.734
6930820,0.003,0.038,0.959
6875310,0.183,0.207,0.61
6932397,0.112,0.451,0.437
6904291,0.0,0.013,0.987
6921642,0.029,0.591,0.38
7136057,0.2475,0.207033333333,0.545466666667
6920815,0.005,0.114,0.881
6861757,0.143,0.588,0.269
6934222,0.365,0.400666666667,0.234333333333
6946448,0.038,0.279,0.683
6890569,0.294,0.274,0.432
6884477,0.095,0.341,0.564
7145006,0.004,0.077,0.919
6893718,0.0,0.042,0.958
6893330,0.004,0.171,0.825
6901780,0.001,0.059,0.94
6815738,0.1014,0.4905,0.4081
6917209,0.056,0.297833333333,0.646166666667
6904227,0.008,0.049,0.943
6894402,0.003,0.056,0.941
7146083,0.051,0.184,0.765
6902153,0.011,0.037,0.952
6925988,0.121,0.235,0.644
6881323,0.0,0.0,1.0
6937405,0.269,0.326,0.405
7098390,0.154,0.466,0.38
6935942,0.156166666667,0.541,0.302833333333
6833510,0.13,0.392783333333,0.477216666667
6812857,0.07175,0.469666666667,0.458583333333
6828441,0.153,0.271,0.576
6915711,0.214,0.538,0.248
6880643,0.252166666667,0.373833333333,0.374
7224930,0.023,0.563,0.414
6852614,0.002,0.077,0.921
6853816,0.114,0.183,0.703
6811964,0.132,0.381,0.487
6847800,0.01,0.054,0.936
6859897,0.179,0.321,0.5
6882929,0.0,0.066,0.934
7157584,0.003,0.066,0.931
6863444,0.006,0.038,0.956
6836902,0.001,0.05,0.949
6918960,0.0513333333333,0.576666666667,0.372
6882854,0.103,0.313,0.584
6822755,0.014,0.054,0.932
6815184,0.146783333333,0.293,0.560216666667
6846582,0.042,0.112,0.846
6940309,0.027,0.157,0.816
6924056,0.004,0.122,0.874
6824481,0.006,0.0906666666667,0.903333333333
6839735,0.006,0.043,0.951
6900130,0.053,0.291,0.656
6946739,0.03,0.09,0.88
7144008,0.028,0.36,0.612
6863751,0.005,0.022,0.973
6820293,0.058,0.36,0.582
6818472,0.015,0.120666666667,0.864333333333
6832420,0.021,0.125,0.854
6879450,0.0,0.03,0.97
6943618,0.018,0.271,0.711
6883463,0.018,0.189583333333,0.792416666667
6834919,0.189,0.358333333333,0.452666666667
7505696,0.02,0.032,0.948
6903645,0.013,0.209,0.778
6831148,0.41,0.278,0.312
6828948,0.047,0.144,0.809
6878495,0.002,0.0713333333333,0.926666666667
6924862,0.003,0.039,0.958
6887802,0.042,0.286,0.672
6903228,0.696,0.213,0.091
6947415,0.0,0.017,0.983
6941508,0.397,0.334666666667,0.268333333333
6856111,0.039,0.345,0.616
7126808,0.012,0.155,0.833
6939857,0.039,0.349,0.612
6822528,0.295,0.299,0.406
6947631,0.211,0.289,0.5
6887810,0.007,0.154,0.839
6849210,0.048,0.153,0.799
6901742,0.003,0.048,0.949
6850925,0.366,0.462,0.172
7181995,0.15825,0.31475,0.527
6841559,0.004,0.025,0.971
6822957,0.091,0.071,0.838
6943349,0.022,0.153,0.825
6923825,0.021,0.144666666667,0.834333333333
6871218,0.292,0.33,0.378
6932761,0.228,0.476,0.296
7168983,0.05,0.2865,0.6635
6853713,0.319566666667,0.408233333333,0.2722
6814124,0.049,0.306,0.645
6828980,0.004,0.397,0.599
6939747,0.014,0.181,0.805
6862615,0.085,0.419,0.496
6911182,0.018,0.159,0.823
6947421,0.061,0.241,0.698
7163662,0.003,0.004,0.993
6933362,0.157,0.287,0.556
6822086,0.045,0.137,0.818
6939543,0.096,0.283416666667,0.620583333333
6882675,0.074,0.499,0.427
6925986,0.005,0.059,0.936
6927417,0.105,0.554,0.341
6824119,0.229,0.339,0.432
6923589,0.053,0.21,0.737
7205380,0.002,0.0705,0.9275
6904992,0.064,0.397,0.539
6857676,0.036,0.588,0.376
6942001,0.047,0.417345238095,0.535654761905
7187800,0.035,0.253,0.712
6877985,0.167333333333,0.689416666667,0.14325
6821414,0.023,0.088,0.889
6864512,0.004,0.052,0.944
6827448,0.046,0.221,0.733
6908603,0.006,0.127,0.867
7229431,0.025,0.193,0.782
6887335,0.004,0.062,0.934
6882828,0.034,0.705,0.261
6899958,0.033,0.193,0.774
6824008,0.062,0.429,0.509
6903906,0.253033333333,0.23,0.516966666667
7115894,0.081,0.869,0.05
6941723,0.016,0.258,0.726
6839785,0.162,0.54,0.298
6886776,0.016,0.129,0.855
6916643,0.007,0.0243333333333,0.968666666667
6913846,0.111,0.376566666667,0.512433333333
6890122,0.011,0.073,0.916
6835099,0.01,0.106,0.884
6945428,0.0865,0.4195,0.494
6887669,0.04525,0.237416666667,0.717333333333
6935132,0.001,0.005,0.994
6857587,0.043,0.228,0.729
6935498,0.052,0.354,0.594
6947868,0.206333333333,0.492666666667,0.301
6850003,0.033,0.221,0.746
6852354,0.209,0.336,0.455
6919832,0.01,0.195,0.795
6812510,0.029,0.057,0.914
6896715,0.134583333333,0.217,0.648416666667
7227507,0.037,0.174,0.789
6887453,0.036,0.21,0.754
6921056,0.117,0.294,0.589
6932635,0.353,0.508,0.139
6893393,0.0,0.068,0.932
6940659,0.074,0.136,0.79
6891517,0.001,0.017,0.982
6818991,0.019,0.194,0.787
6899307,0.161,0.313,0.526
7175517,0.021,0.074,0.905
6895415,0.055,0.15,0.795
6945124,0.008,0.268,0.724
6878796,0.029,0.255,0.716
6901435,0.046,0.312,0.642
7098987,0.2105,0.3009,0.4886
6868925,0.0623333333333,0.295,0.642666666667
6862452,0.286,0.38,0.334
6904865,0.002,0.013,0.985
6872445,0.032,0.406,0.562
6816856,0.055,0.174,0.771
6910410,0.0,0.071,0.929
6847518,0.019,0.334,0.647
6860992,0.007,0.091,0.902
7093387,0.025,0.217,0.758
6891540,0.24,0.234,0.526
6928645,0.013,0.082,0.905
6874105,0.024,0.177,0.799
6819576,0.094,0.2255,0.6805
6817538,0.001,0.004,0.995
6819741,0.549,0.209,0.242
6878626,0.114,0.398,0.488
6901210,0.049,0.169,0.782
6888879,0.062,0.63,0.308
6888947,0.032,0.432,0.536
6883374,0.001,0.044,0.955
6836031,0.031,0.162,0.807
6851387,0.002,0.008,0.99
6907149,0.041,0.177,0.782
6882595,0.107,0.241,0.652
6816916,0.05,0.212,0.738
6878470,0.0,0.015,0.985
6865752,0.052,0.154,0.794
7217321,0.213,0.278,0.509
6944366,0.106,0.3113,0.5827
6918425,0.18,0.413,0.407
6821736,0.068,0.258,0.674
6936271,0.123,0.56,0.317
6874179,0.147,0.321666666667,0.531333333333
7135281,0.043,0.161,0.796
6942663,0.223,0.407,0.37
6903026,0.159,0.279,0.562
6824421,0.01,0.1115,0.8785
6820128,0.002,0.318,0.68
6850604,0.014,0.14,0.846
7120955,0.004,0.027,0.969
6847409,0.042,0.227,0.731
7056210,0.007,0.088,0.905
6939935,0.009,0.04,0.951
6844699,0.076,0.269,0.655
6833246,0.075,0.265,0.66
6845220,0.039,0.654,0.307
6824273,0.347,0.511,0.142
6873326,0.2105,0.3685,0.421
6941227,0.006,0.1005,0.8935
6899355,0.0,0.012,0.988
6880235,0.076,0.317,0.607
6850018,0.054,0.448,0.498
6818489,0.111,0.3394,0.5496
7159592,0.029,0.163333333333,0.807666666667
7200711,0.109,0.285,0.606
6842278,0.025,0.093,0.882
6829488,0.005,0.195,0.8
6916976,0.029,0.153,0.818
6863573,0.012,0.08425,0.90375
6900303,0.0,0.004,0.996
6830686,0.221666666667,0.277333333333,0.501
7088285,0.16,0.432,0.408
6875119,0.242,0.328,0.43
6852969,0.023,0.101,0.876
6834964,0.001,0.005,0.994
6888066,0.07,0.4995,0.4305
6862580,0.033,0.214,0.753
6902903,0.248,0.228,0.524
6940227,0.019,0.171,0.81
7094978,0.054,0.263,0.683
6849775,0.03,0.148,0.822
6852514,0.059,0.285,0.656
6908752,0.235,0.355,0.41
6926813,0.019,0.5,0.481
6867168,0.063,0.211,0.726
6916938,0.002,0.127,0.871
7217282,0.437,0.282,0.281
6830318,0.487,0.171,0.342
6841129,0.118,0.292733333333,0.589266666667
6933898,0.038,0.336,0.626
6852224,0.122,0.362,0.516
6855108,0.151,0.677,0.172
6857681,0.08,0.43,0.49
7167282,0.002,0.026,0.972
6939214,0.102,0.287,0.611
6922283,0.279,0.39925,0.32175
6859605,0.006,0.079,0.915
6904148,0.089,0.215,0.696
6882954,0.08,0.733,0.187
6939093,0.014,0.114,0.872
6831383,0.012,0.113,0.875
6894471,0.0,0.025,0.975
6931008,0.065,0.569,0.366
6838588,0.028,0.212,0.76
6851730,0.018,0.132,0.85
6911988,0.004,0.054,0.942
6814325,0.071,0.439,0.49
6838809,0.296,0.343,0.361
6822777,0.093,0.315333333333,0.591666666667
6887378,0.0706666666667,0.462816666667,0.466516666667
6913098,0.0,0.018,0.982
6936520,0.144666666667,0.6055,0.249833333333
6837850,0.088,0.221,0.691
6918818,0.012,0.289,0.699
6897497,0.001,0.04,0.959
6936577,0.088,0.436,0.476
6826594,0.137,0.531,0.332
6865047,0.046,0.261,0.693
6823879,0.0916,0.421,0.4874
6914868,0.901,0.067,0.032
6863654,0.001,0.04,0.959
6907061,0.062,0.296,0.642
7180725,0.034,0.161,0.805
7205244,0.032,0.211,0.757
6856962,0.17,0.133,0.697
6885323,0.01,0.032,0.958
6912379,0.644,0.12,0.236
6858148,0.03,0.187,0.783
6814582,0.038,0.2,0.762
6940703,0.04,0.263,0.697
7181144,0.028,0.2805,0.6915
6825868,0.092,0.15,0.758
6889020,0.078,0.196,0.726
6869287,0.002,0.0075,0.9905
6871054,0.138,0.511,0.351
6870018,0.008,0.117,0.875
6895217,0.053,0.29,0.657
6855875,0.023,0.196,0.781
7185369,0.035,0.3785,0.5865
6848724,0.064,0.16365,0.77235
6912010,0.049,0.606,0.345
6911483,0.097,0.152,0.751
6826557,0.028,0.121,0.851
6893666,0.005,0.032,0.963
6946801,0.076,0.171,0.753
6871189,0.0,0.013,0.987
6844700,0.33375,0.535,0.13125
6832474,0.008,0.029,0.963
6922129,0.027,0.182,0.791
6941269,0.049,0.183,0.768
6850111,0.025,0.144,0.831
6871721,0.042,0.199333333333,0.758666666667
6834277,0.0,0.003,0.997
6815020,0.0713333333333,0.237,0.691666666667
6839790,0.125,0.483,0.392
6929149,0.006,0.0755,0.9185
6832299,0.183,0.350416666667,0.466583333333
6908265,0.003,0.172,0.825
6819513,0.085,0.163,0.752
6922046,0.101,0.186,0.713
6911700,0.015,0.158,0.827
7132375,0.32,0.351,0.329
6826330,0.025,0.642,0.333
6892358,0.191,0.544,0.265
6844735,0.03,0.184,0.786
6830282,0.007,0.065,0.928
6831883,0.002,0.013,0.985
6861551,0.236,0.327,0.437
6857472,0.002,0.035,0.963
6844170,0.119233333333,0.526366666667,0.3544
6870992,0.049,0.170166666667,0.780833333333
6824420,0.068,0.136,0.796
6842673,0.009,0.151,0.84
6870166,0.662,0.199,0.139
6923521,0.032,0.231,0.737
6923067,0.024,0.435,0.541
7102369,0.037,0.687,0.276
6918324,0.014,0.03,0.956
6875753,0.002,0.033,0.965
6858106,0.091,0.403333333333,0.505666666667
6945544,0.007,0.164,0.829
6843762,0.0,0.003,0.997
6916249,0.022,0.211,0.767
6881283,0.1415,0.2465,0.612
6905410,0.009,0.059,0.932
6892408,0.111166666667,0.325833333333,0.563
6930990,0.248,0.514,0.238
6835400,0.006,0.013,0.981
6867680,0.034,0.451,0.515
6910555,0.032,0.057,0.911
7178838,0.054,0.156,0.79
6925050,0.031,0.226285714286,0.742714285714
6831230,0.597,0.257,0.146
6884393,0.578666666667,0.105333333333,0.316
6850763,0.248,0.417,0.335
6835259,0.002,0.002,0.996
6878793,0.002,0.012,0.986
6843709,0.063,0.460733333333,0.476266666667
6880861,0.103,0.512,0.385
6927246,0.081,0.439,0.48
6884364,0.222833333333,0.452166666667,0.325
6932934,0.007,0.039,0.954
6943694,0.158,0.352,0.49
6831730,0.001,0.018,0.981
6844928,0.232,0.488,0.28
6885511,0.178,0.38,0.442
6844807,0.221,0.396,0.383
6817080,0.01,0.055,0.935
6851413,0.049,0.203,0.748
6918623,0.0146,0.209733333333,0.775666666667
6932080,0.309,0.471,0.22
7117345,0.0,0.021,0.979
6821425,0.102,0.257,0.641
6924403,0.033,0.161,0.806
6854123,0.016,0.138,0.846
6852889,0.136,0.139,0.725
6866387,0.015,0.114,0.871
6858128,0.069,0.288,0.643
6905129,0.105,0.598,0.297
6932035,0.018,0.261,0.721
6884265,0.15045,0.61855,0.231
6936966,0.0768,0.313295238095,0.609904761905
6881098,0.038,0.116,0.846
6869941,0.011,0.136,0.853
6864713,0.035,0.109,0.856
6905259,0.008,0.054,0.938
6889865,0.048,0.644,0.308
6870562,0.068,0.6595,0.2725
7124351,0.033,0.195,0.772
6857644,0.003,0.08,0.917
6891045,0.428,0.307,0.265
6929039,0.075,0.348,0.577
6916229,0.001,0.028,0.971
6833556,0.34,0.3255,0.3345
6838951,0.154,0.335,0.511
6868487,0.064,0.21,0.726
6869690,0.212,0.346,0.442
6864005,0.156,0.4095,0.4345
6923234,0.084,0.33,0.586
6827182,0.156,0.279,0.565
7146069,0.032,0.109047619048,0.858952380952
6890503,0.019,0.18,0.801
6911066,0.073,0.378683333333,0.548316666667
6876163,0.287,0.1477,0.5653
6920433,0.031,0.155,0.814
6826987,0.151,0.366,0.483
6831058,0.017,0.187,0.796
6944184,0.016,0.173,0.811
6868480,0.03,0.119,0.851
7097198,0.026,0.1535,0.8205
6914595,0.051,0.28,0.669
6879535,0.025,0.12,0.855
6900971,0.004,0.036,0.96
6878555,0.107183333333,0.354816666667,0.538
6839324,0.113,0.322,0.565
6819925,0.029,0.126,0.845
6839386,0.07,0.290333333333,0.639666666667
6825584,0.116166666667,0.295833333333,0.588
7201758,0.035,0.148,0.817
6864463,0.139,0.548,0.313
6815348,0.001,0.008,0.991
6820756,0.074,0.299666666667,0.626333333333
6858699,0.025,0.326,0.649
6843115,0.049,0.097,0.854
6850824,0.008,0.098,0.894
6937635,0.02,0.115,0.865
6828911,0.064,0.163,0.773
7154618,0.009,0.163,0.828
6939143,0.216,0.312,0.472
6823169,0.012,0.157,0.831
6924844,0.124,0.602,0.274
6815925,0.256,0.386,0.358
6947389,0.0,0.004,0.996
7203267,0.19,0.273666666667,0.536333333333
6825953,0.167,0.303,0.53
6833542,0.032,0.462,0.506
6854302,0.003,0.062,0.935
6843122,0.101666666667,0.173,0.725333333333
6851851,0.03,0.106,0.864
6879971,0.064,0.121,0.815
7136227,0.0,0.007,0.993
6925138,0.027,0.276,0.697
6875050,0.022,0.048,0.93
6935199,0.301,0.367,0.332
6848027,0.029,0.327,0.644
6904795,0.591,0.253,0.156
6818781,0.053,0.14,0.807
6871081,0.364,0.375,0.261
6888945,0.011,0.351,0.638
6925993,0.046,0.12725,0.82675
6928183,0.304,0.359,0.337
6847449,0.001,0.034,0.965
6857762,0.043,0.3785,0.5785
6942172,0.068,0.245,0.687
6916747,0.022,0.112,0.866
6813002,0.187,0.224,0.589
6923932,0.001,0.005,0.994
6939669,0.11,0.381,0.509
6854566,0.048,0.116,0.836
6909019,0.044,0.488,0.468
6869921,0.001,0.005,0.994
6864519,0.034,0.3965,0.5695
6849438,0.018,0.163,0.819
6916590,0.0386666666667,0.38,0.581333333333
6947299,0.051,0.27,0.679
7152604,0.0,0.004,0.996
6894914,0.222,0.186,0.592
6914502,0.019,0.019,0.962
6820113,0.434,0.207,0.359
6924106,0.003,0.174366666667,0.822633333333
6840817,0.047,0.1535,0.7995
6913090,0.107,0.378,0.515
6934517,0.11,0.338,0.552
7152770,0.0,0.001,0.999
6868529,0.1485,0.326916666667,0.524583333333
6836709,0.003,0.035,0.962
6868506,0.004,0.092,0.904
6941712,0.065,0.263,0.672
6932760,0.023,0.156,0.821
6850191,0.152,0.284,0.564
6878745,0.199,0.554,0.247
7094259,0.18675,0.19825,0.615
6831807,0.149,0.165,0.686
6891698,0.001,0.006,0.993
6923465,0.151,0.299916666667,0.549083333333
6899213,0.162,0.334,0.504
6923804,0.001,0.052,0.947
6918979,0.007,0.048,0.945
6862421,0.001,0.131,0.868
6900993,0.011,0.17,0.819
6861580,0.006,0.436,0.558
6906474,0.004,0.047,0.949
6847010,0.285,0.375,0.34
6817985,0.064,0.094,0.842
6879738,0.243333333333,0.433166666667,0.3235
7169995,0.017,0.0898333333333,0.893166666667
6901359,0.007,0.144,0.849
6837382,0.002,0.036,0.962
6874250,0.174,0.418,0.408
6886924,0.015,0.075,0.91
6894687,0.039,0.033,0.928
6937873,0.255,0.365,0.38
6852900,0.103,0.186,0.711
6929432,0.074,0.36,0.566
6844489,0.035,0.114,0.851
6844561,0.074,0.230733333333,0.695266666667
6933747,0.131,0.287,0.582
6940885,0.006,0.029,0.965
6873782,0.239,0.359,0.402
6882375,0.053,0.608,0.339
6878769,0.053,0.387,0.56
6827016,0.073,0.5085,0.4185
6820773,0.354,0.189,0.457
6921124,0.039,0.375,0.586
6817935,0.309,0.239,0.452
7144533,0.07,0.345,0.585
6813648,0.1335,0.186,0.6805
6834670,0.107,0.3,0.593
6878185,0.089,0.26,0.651
6923378,0.017,0.334666666667,0.648333333333
6932252,0.091,0.248,0.661
6857065,0.0,0.026,0.974
7169899,0.07,0.353,0.577
6887074,0.023,0.074,0.903
6849463,0.054,0.175,0.771
6934153,0.041,0.248,0.711
7116464,0.069,0.216,0.715
6897412,0.032,0.1295,0.8385
6925887,0.041,0.60525,0.35375
6848650,0.058,0.19,0.752
6818453,0.2099,0.318,0.4721
6943153,0.013,0.238,0.749
6946348,0.588,0.23,0.182
6878770,0.08,0.391,0.529
6827664,0.007,0.09,0.903
6922984,0.023,0.167,0.81
6864544,0.058,0.20475,0.73725
6931437,0.013,0.06,0.927
7171071,0.056,0.275,0.669
6908215,0.117,0.577,0.306
6813875,0.155666666667,0.338333333333,0.506
6845221,0.023,0.585,0.392
6900902,0.029,0.177,0.794
6925197,0.192,0.265,0.543
6850783,0.001,0.025,0.974
6869002,0.0545,0.388,0.5575
7172791,0.019,0.242,0.739
6936176,0.002,0.003,0.995
6839462,0.269,0.252,0.479
6828651,0.028,0.415333333333,0.556666666667
6912630,0.044,0.244,0.712
6925870,0.018,0.139,0.843
6823876,0.033,0.346,0.621
6932538,0.018,0.154,0.828
6905724,0.086,0.199,0.715
6872564,0.001,0.008,0.991
6821027,0.066,0.203,0.731
6943747,0.355,0.145,0.5
7150854,0.004,0.004,0.992
7140107,0.037,0.095,0.868
6925056,0.034,0.425,0.541
6908834,0.026,0.153,0.821
6841620,0.102,0.229,0.669
6927175,0.143,0.667,0.19
6911333,0.14,0.368333333333,0.491666666667
6936227,0.201,0.35,0.449
6935640,0.115,0.442,0.443
6901738,0.022,0.405,0.573
6849053,0.687,0.205,0.108
6879561,0.247,0.392,0.361
7166280,0.371,0.437,0.192
6889409,0.006,0.146,0.848
6898181,0.001,0.031,0.968
6881507,0.001,0.002,0.997
6895263,0.0,0.008,0.992
6830090,0.317,0.069,0.614
7215380,0.147,0.611,0.242
6817698,0.032,0.318,0.65
6906566,0.374666666667,0.301,0.324333333333
6894990,0.098,0.224,0.678
6873889,0.12,0.770166666667,0.109833333333
6879553,0.023,0.303,0.674
6878327,0.577,0.262333333333,0.160666666667
6907502,0.346,0.23,0.424
6913646,0.031,0.257,0.712
7300745,0.066,0.147,0.787
6839638,0.034,0.288,0.678
6856873,0.162,0.392,0.446
6855357,0.052,0.186,0.762
6899979,0.002,0.007,0.991
6908433,0.115,0.234666666667,0.650333333333
6907408,0.0,0.003,0.997
7170775,0.057,0.706,0.237
6894035,0.018,0.06,0.922
6847457,0.007,0.089,0.904
6846258,0.029,0.192333333333,0.778666666667
6833602,0.515,0.277,0.208
7113888,0.114,0.5094,0.3766
6896850,0.283,0.512,0.205
6874757,0.026,0.048,0.926
6818474,0.06,0.329,0.611
6902137,0.08,0.324,0.596
6870798,0.263,0.258,0.479
7127496,0.049,0.259,0.692
6902192,0.0595,0.3825,0.558
6881324,0.346,0.196,0.458
6928837,0.082,0.367333333333,0.550666666667
6882452,0.145,0.68,0.175
6828286,0.005,0.051,0.944
7126963,0.032,0.246,0.722
6862928,0.003,0.005,0.992
6822277,0.136266666667,0.286733333333,0.577
6889752,0.073,0.314,0.613
6861415,0.052,0.256,0.692
6812868,0.0590666666667,0.404333333333,0.5366
6937889,0.1965,0.576,0.2275
6935346,0.022,0.125,0.853
7282611,0.018,0.214,0.768
6936347,0.301,0.315,0.384
6824954,0.009,0.132,0.859
6892538,0.124,0.367,0.509
6928786,0.007,0.064,0.929
7164678,0.217666666667,0.626266666667,0.156066666667
6889908,0.103,0.274,0.623
6913892,0.54,0.204,0.256
6837599,0.398,0.44,0.162
6925955,0.014,0.02,0.966
6833907,0.233,0.36,0.407
6874618,0.0845,0.270166666667,0.645333333333
6877202,0.170666666667,0.345,0.484333333333
6928643,0.006,0.051,0.943
6904977,0.043,0.33,0.627
6890725,0.029,0.143,0.828
6821381,0.055,0.356,0.589
6876184,0.174,0.3746,0.4514
6900571,0.011,0.115,0.874
6885274,0.006,0.032,0.962
6839484,0.281333333333,0.359666666667,0.359
6940393,0.0,0.159,0.841
6947646,0.023,0.25,0.727
7171492,0.071,0.346,0.583
6929184,0.016,0.241,0.743
6890360,0.02,0.328,0.652
6857523,0.14,0.318,0.542
6913381,0.062,0.144,0.794
6849511,0.091,0.11,0.799
6877504,0.012,0.179,0.809
7140050,0.001,0.071,0.928
6821705,0.054,0.14,0.806
6828363,0.59,0.333,0.077
6834416,0.065,0.2488,0.6862
6930248,0.138,0.37,0.492
6859894,0.044,0.158,0.798
6812012,0.016,0.076,0.908
7163323,0.005,0.025,0.97
6842540,0.2,0.387,0.413
6868726,0.068,0.122,0.81
6941446,0.066,0.2544,0.6796
6870488,0.002,0.045,0.953
6839242,0.303,0.351,0.346
7218255,0.003,0.11,0.887
6934549,0.042,0.231,0.727
6889895,0.027,0.07425,0.89875
6825020,0.02,0.2454,0.7346
6894947,0.144,0.52,0.336
7140525,0.0,0.001,0.999
6911993,0.018,0.095,0.887
6824037,0.04,0.19,0.77
6882446,0.023,0.153,0.824
6902447,0.018,0.129,0.853
6931156,0.068,0.205,0.727
6857795,0.318,0.23,0.452
6831494,0.0,0.001,0.999
6853601,0.016,0.135,0.849
7098382,0.067,0.641,0.292
6896764,0.142,0.39,0.468
6852315,0.007,0.031,0.962
6879859,0.143,0.413,0.444
6823182,0.025,0.176,0.799
7186095,0.1915,0.5315,0.277
6888297,0.038,0.292,0.67
6862915,0.077,0.197,0.726
6876292,0.012,0.165,0.823
7125390,0.02,0.042,0.938
6894003,0.086,0.485,0.429
6882334,0.021,0.109,0.87
6902258,0.013,0.0835,0.9035
7202985,0.002,0.002,0.996
6854703,0.079,0.396,0.525
6867192,0.051,0.328333333333,0.620666666667
6891539,0.01,0.134,0.856
6944423,0.511,0.241,0.248
6828554,0.012,0.058,0.93
6909152,0.055,0.757,0.188
6916377,0.0,0.001,0.999
6927731,0.035,0.186,0.779
7207035,0.024,0.224,0.752
6823232,0.049,0.119,0.832
6920352,0.09,0.612,0.298
6927006,0.193,0.363,0.444
6882569,0.006,0.023,0.971
6930250,0.068,0.27,0.662
6874927,0.011,0.06,0.929
6819605,0.021,0.156,0.823
6919792,0.017,0.189,0.794
6865137,0.005,0.509,0.486
7129277,0.047,0.308,0.645
6812483,0.006,0.058,0.936
6939010,0.028,0.214,0.758
6946483,0.044,0.398,0.558
6861585,0.096,0.168,0.736
6939744,0.03,0.407,0.563
6892611,0.074,0.327,0.599
6830977,0.703,0.17,0.127
7128814,0.0,0.022,0.978
6923434,0.049,0.339,0.612
6942315,0.038,0.204,0.758
6948509,0.435,0.257,0.308
6890231,0.009,0.08,0.911
6912207,0.014,0.156,0.83
6838584,0.022,0.149,0.829
6847995,0.037,0.289,0.674
6917463,0.04,0.442,0.518
6903844,0.001,0.042,0.957
7157390,0.022,0.457,0.521
6855342,0.083,0.128,0.789
6835231,0.131,0.266,0.603
6862121,0.0,0.0,1.0
6945521,0.102,0.257,0.641
6867420,0.008,0.144,0.848
6905101,0.088,0.533,0.379
6818496,0.106,0.273,0.621
6918925,0.011,0.219,0.77
7123427,0.15,0.338,0.512
6814336,0.166,0.273,0.561
6911832,0.003,0.033,0.964
6947977,0.048,0.39,0.562
6835357,0.0,0.003,0.997
6893083,0.066,0.375,0.559
6869401,0.002,0.023,0.975
6936872,0.242,0.299,0.459
6943363,0.007,0.131,0.862
6814666,0.0545333333333,0.345,0.600466666667
6831228,0.143416666667,0.534583333333,0.322
6930325,0.068,0.315,0.617
7135468,0.119,0.346,0.535
6935649,0.169,0.688,0.143
6842816,0.0233333333333,0.168333333333,0.808333333333
6836648,0.002,0.006,0.992
6843370,0.474,0.378,0.148
6829452,0.028,0.417,0.555
6814410,0.045,0.1855,0.7695
6861393,0.005,0.042,0.953
6947636,0.08,0.492,0.428
6884926,0.058,0.413,0.529
6948404,0.093,0.341,0.566
6879094,0.111,0.246,0.643
6887261,0.104166666667,0.276333333333,0.6195
6926944,0.099,0.503,0.398
6839343,0.051,0.254,0.695
6897753,0.033,0.078,0.889
6831379,0.058,0.331,0.611
6836705,0.084,0.451,0.465
6844690,0.042,0.144,0.814
6828230,0.001,0.004,0.995
6830259,0.344866666667,0.413633333333,0.2415
6932110,0.048,0.749,0.203
6855525,0.555416666667,0.183,0.261583333333
6912282,0.005,0.055,0.94
6887875,0.012,0.185,0.803
6897869,0.013,0.099,0.888
6833923,0.052,0.542,0.406
6938496,0.012,0.063,0.925
6906448,0.0,0.003,0.997
6920599,0.012,0.318,0.67
6931933,0.008,0.045,0.947
7141703,0.117,0.257166666667,0.625833333333
6856601,0.129,0.288,0.583
6861629,0.261333333333,0.461666666667,0.277
6871574,0.033,0.223,0.744
6813724,0.029,0.306,0.665
6881040,0.04,0.0903333333333,0.869666666667
6849238,0.04,0.217,0.743
